2.372037887573242188e+01 1.183145904541015625e+01
3.691911697387695312e+01 2.115525817871093750e+01
4.049193572998046875e+01 2.275021934509277344e+01
5.507692337036132812e+01 2.541533279418945312e+01
5.697727203369140625e+01 3.075858306884765625e+01
5.762068939208984375e+01 2.210281181335449219e+01
6.301234436035156250e+01 2.438299942016601562e+01
6.979166412353515625e+01 2.858658218383789062e+01
8.640677642822265625e+01 3.008863639831542969e+01
8.706896209716796875e+01 3.153917121887207031e+01
8.840351104736328125e+01 3.693325424194335938e+01
9.479244995117187500e+01 4.053759384155273438e+01
1.439428558349609375e+02 4.733705520629882812e+01
1.403333282470703125e+02 3.935028076171875000e+01
1.591875000000000000e+02 4.038830184936523438e+01
1.793928527832031250e+02 2.821643257141113281e+01
1.703333282470703125e+02 3.222042083740234375e+01
1.556363677978515625e+02 3.332559204101562500e+01
1.406666717529296875e+02 3.701576232910156250e+01
1.418611145019531250e+02 4.309043884277343750e+01
1.431428527832031250e+02 4.519617080688476562e+01
1.356756744384765625e+02 4.602880859375000000e+01
1.329210510253906250e+02 5.014840316772460938e+01
1.319736785888671875e+02 4.636212539672851562e+01
1.430000000000000000e+02 5.283234786987304688e+01
1.411388854980468750e+02 5.442944335937500000e+01
1.504117584228515625e+02 5.261911773681640625e+01
1.685000000000000000e+02 4.793033218383789062e+01
1.857037048339843750e+02 3.907050704956054688e+01
1.950384674072265625e+02 2.363582992553710938e+01
1.970384674072265625e+02 1.287956237792968750e+01
1.940384674072265625e+02 1.449265193939208984e+01
1.986923065185546875e+02 3.159469604492187500e+00
1.940769195556640625e+02 7.462331771850585938e+00
1.924615325927734375e+02 1.033750057220458984e+01
1.935769195556640625e+02 8.082140922546386719e+00
1.983846130371093750e+02 4.076923370361328125e+00
1.998461608886718750e+02 7.692307233810424805e-01
1.962692260742187500e+02 6.578272342681884766e+00
1.928076934814453125e+02 8.180743217468261719e+00
1.954230804443359375e+02 8.652136802673339844e+00
1.978461608886718750e+02 4.621790409088134766e+00
2.000000000000000000e+02 0.000000000000000000e+00
2.000000000000000000e+02 0.000000000000000000e+00
2.000000000000000000e+02 0.000000000000000000e+00
2.000000000000000000e+02 0.000000000000000000e+00
2.000000000000000000e+02 0.000000000000000000e+00
2.000000000000000000e+02 0.000000000000000000e+00
2.000000000000000000e+02 0.000000000000000000e+00
2.000000000000000000e+02 0.000000000000000000e+00
2.000000000000000000e+02 0.000000000000000000e+00
2.000000000000000000e+02 0.000000000000000000e+00
2.000000000000000000e+02 0.000000000000000000e+00
2.000000000000000000e+02 0.000000000000000000e+00
2.000000000000000000e+02 0.000000000000000000e+00
2.000000000000000000e+02 0.000000000000000000e+00
1.969230804443359375e+02 1.538461494445800781e+01
1.941923065185546875e+02 2.903845977783203125e+01
1.731724090576171875e+02 6.157589721679687500e+01
1.356486511230468750e+02 7.421160888671875000e+01
1.736206970214843750e+02 6.015004730224609375e+01
1.887037048339843750e+02 3.891092681884765625e+01
1.947307739257812500e+02 2.634615516662597656e+01
1.925384674072265625e+02 2.707003784179687500e+01
2.000000000000000000e+02 0.000000000000000000e+00
2.000000000000000000e+02 0.000000000000000000e+00
2.000000000000000000e+02 0.000000000000000000e+00
2.000000000000000000e+02 0.000000000000000000e+00
2.000000000000000000e+02 0.000000000000000000e+00
1.983846130371093750e+02 8.076923370361328125e+00
2.000000000000000000e+02 0.000000000000000000e+00
1.946923065185546875e+02 2.653846168518066406e+01
2.000000000000000000e+02 0.000000000000000000e+00
1.970000000000000000e+02 1.500000000000000000e+01
1.843214263916015625e+02 3.867820739746093750e+01
2.000000000000000000e+02 0.000000000000000000e+00
1.960000000000000000e+02 1.262171554565429688e+01
1.907407379150390625e+02 2.757561111450195312e+01
1.871111145019531250e+02 3.603222274780273438e+01
1.928076934814453125e+02 2.543773460388183594e+01
1.943846130371093750e+02 2.807692527770996094e+01
1.933076934814453125e+02 2.886409759521484375e+01
2.000000000000000000e+02 0.000000000000000000e+00
1.908518524169921875e+02 3.282129287719726562e+01
2.000000000000000000e+02 0.000000000000000000e+00
2.000000000000000000e+02 0.000000000000000000e+00
2.000000000000000000e+02 0.000000000000000000e+00
2.000000000000000000e+02 0.000000000000000000e+00
2.000000000000000000e+02 0.000000000000000000e+00
2.000000000000000000e+02 0.000000000000000000e+00
2.000000000000000000e+02 0.000000000000000000e+00
2.000000000000000000e+02 0.000000000000000000e+00
2.000000000000000000e+02 0.000000000000000000e+00
2.000000000000000000e+02 0.000000000000000000e+00
2.000000000000000000e+02 0.000000000000000000e+00
2.000000000000000000e+02 0.000000000000000000e+00
2.000000000000000000e+02 0.000000000000000000e+00
2.000000000000000000e+02 0.000000000000000000e+00
2.000000000000000000e+02 0.000000000000000000e+00
2.000000000000000000e+02 0.000000000000000000e+00
