2.372037887573242188e+01 1.183145904541015625e+01
3.164779853820800781e+01 1.798606681823730469e+01
4.476785659790039062e+01 2.363373184204101562e+01
5.210309219360351562e+01 2.482660865783691406e+01
6.507791900634765625e+01 3.520801544189453125e+01
7.204285430908203125e+01 3.484145355224609375e+01
7.546268463134765625e+01 3.263700103759765625e+01
9.947058868408203125e+01 3.853765869140625000e+01
1.179534912109375000e+02 3.930379486083984375e+01
1.364594573974609375e+02 3.814949035644531250e+01
1.645161285400390625e+02 3.628549194335937500e+01
1.691000061035156250e+02 3.652793121337890625e+01
1.800357208251953125e+02 3.377920150756835938e+01
1.827857208251953125e+02 2.497049140930175781e+01
1.800357208251953125e+02 3.385945892333984375e+01
1.870370330810546875e+02 2.797946357727050781e+01
1.981538391113281250e+02 6.004436492919921875e+00
1.958846130371093750e+02 1.200745582580566406e+01
1.975769195556640625e+02 1.211538505554199219e+01
1.951153869628906250e+02 2.442307662963867188e+01
1.960769195556640625e+02 1.961538505554199219e+01
2.000000000000000000e+02 0.000000000000000000e+00
2.000000000000000000e+02 0.000000000000000000e+00
2.000000000000000000e+02 0.000000000000000000e+00
2.000000000000000000e+02 0.000000000000000000e+00
2.000000000000000000e+02 0.000000000000000000e+00
2.000000000000000000e+02 0.000000000000000000e+00
2.000000000000000000e+02 0.000000000000000000e+00
2.000000000000000000e+02 0.000000000000000000e+00
1.942307739257812500e+02 2.272461891174316406e+01
2.000000000000000000e+02 0.000000000000000000e+00
2.000000000000000000e+02 0.000000000000000000e+00
2.000000000000000000e+02 0.000000000000000000e+00
2.000000000000000000e+02 0.000000000000000000e+00
2.000000000000000000e+02 0.000000000000000000e+00
2.000000000000000000e+02 0.000000000000000000e+00
2.000000000000000000e+02 0.000000000000000000e+00
2.000000000000000000e+02 0.000000000000000000e+00
2.000000000000000000e+02 0.000000000000000000e+00
2.000000000000000000e+02 0.000000000000000000e+00
1.970000000000000000e+02 1.178003501892089844e+01
2.000000000000000000e+02 0.000000000000000000e+00
1.935769195556640625e+02 1.047404479980468750e+01
1.706666717529296875e+02 1.067499732971191406e+01
1.612903289794921875e+02 7.058253288269042969e+00
1.544242401123046875e+02 2.651703834533691406e+01
1.632903289794921875e+02 8.618036270141601562e+00
1.760000000000000000e+02 1.556521320343017578e+01
1.896666717529296875e+02 9.537450790405273438e+00
1.901481475830078125e+02 8.553551673889160156e+00
1.978846130371093750e+02 4.500657558441162109e+00
2.000000000000000000e+02 0.000000000000000000e+00
2.000000000000000000e+02 0.000000000000000000e+00
2.000000000000000000e+02 0.000000000000000000e+00
2.000000000000000000e+02 0.000000000000000000e+00
2.000000000000000000e+02 0.000000000000000000e+00
2.000000000000000000e+02 0.000000000000000000e+00
2.000000000000000000e+02 0.000000000000000000e+00
1.958461608886718750e+02 2.076922988891601562e+01
1.969230804443359375e+02 1.065877437591552734e+01
2.000000000000000000e+02 0.000000000000000000e+00
1.969230804443359375e+02 1.538461494445800781e+01
1.905925903320312500e+02 2.768508148193359375e+01
1.978076934814453125e+02 9.012893676757812500e+00
1.912962951660156250e+02 2.594412040710449219e+01
1.911111145019531250e+02 3.247030639648437500e+01
1.845000000000000000e+02 3.796097564697265625e+01
2.000000000000000000e+02 0.000000000000000000e+00
1.993076934814453125e+02 3.461538314819335938e+00
1.973076934814453125e+02 1.162149620056152344e+01
1.935769195556640625e+02 2.226099205017089844e+01
2.000000000000000000e+02 0.000000000000000000e+00
1.897407379150390625e+02 3.010794448852539062e+01
1.994230804443359375e+02 2.884615421295166016e+00
1.985384674072265625e+02 5.070508480072021484e+00
1.924230804443359375e+02 3.240153503417968750e+01
2.000000000000000000e+02 0.000000000000000000e+00
2.000000000000000000e+02 0.000000000000000000e+00
2.000000000000000000e+02 0.000000000000000000e+00
2.000000000000000000e+02 0.000000000000000000e+00
2.000000000000000000e+02 0.000000000000000000e+00
2.000000000000000000e+02 0.000000000000000000e+00
2.000000000000000000e+02 0.000000000000000000e+00
2.000000000000000000e+02 0.000000000000000000e+00
2.000000000000000000e+02 0.000000000000000000e+00
2.000000000000000000e+02 0.000000000000000000e+00
2.000000000000000000e+02 0.000000000000000000e+00
2.000000000000000000e+02 0.000000000000000000e+00
2.000000000000000000e+02 0.000000000000000000e+00
2.000000000000000000e+02 0.000000000000000000e+00
2.000000000000000000e+02 0.000000000000000000e+00
1.983846130371093750e+02 3.374986171722412109e+00
1.842142791748046875e+02 7.802733421325683594e+00
1.662580718994140625e+02 2.815277099609375000e+01
1.639677429199218750e+02 2.755462074279785156e+01
1.761034545898437500e+02 6.999236106872558594e+00
1.783103485107421875e+02 3.234736251831054688e+01
1.895555572509765625e+02 7.340064525604248047e+00
1.960000000000000000e+02 3.971049070358276367e+00
1.922962951660156250e+02 6.491104125976562500e+00
