2.372037887573242188e+01 1.183145904541015625e+01
3.410203933715820312e+01 2.036394500732421875e+01
4.645370483398437500e+01 2.557464790344238281e+01
5.447826004028320312e+01 2.812761306762695312e+01
6.698666381835937500e+01 3.128556251525878906e+01
6.817333221435546875e+01 3.204429244995117188e+01
7.628787994384765625e+01 3.480672454833984375e+01
1.149772720336914062e+02 4.487532806396484375e+01
1.453999938964843750e+02 4.689453506469726562e+01
1.324210510253906250e+02 4.286308288574218750e+01
1.656451568603515625e+02 3.992860412597656250e+01
1.730344848632812500e+02 3.628382873535156250e+01
1.733793029785156250e+02 3.718399047851562500e+01
1.851785736083984375e+02 2.817300033569335938e+01
1.895555572509765625e+02 2.398816490173339844e+01
1.966538391113281250e+02 1.080933475494384766e+01
2.000000000000000000e+02 0.000000000000000000e+00
1.933076934814453125e+02 2.179761886596679688e+01
1.829285736083984375e+02 2.600814056396484375e+01
1.616250000000000000e+02 3.549273681640625000e+01
1.612903289794921875e+02 3.340194320678710938e+01
1.637742004394531250e+02 2.938038635253906250e+01
1.872962951660156250e+02 2.612195777893066406e+01
1.979230804443359375e+02 1.038461494445800781e+01
2.000000000000000000e+02 0.000000000000000000e+00
2.000000000000000000e+02 0.000000000000000000e+00
1.999615325927734375e+02 1.923076957464218140e-01
2.000000000000000000e+02 0.000000000000000000e+00
2.000000000000000000e+02 0.000000000000000000e+00
2.000000000000000000e+02 0.000000000000000000e+00
1.968846130371093750e+02 1.557692337036132812e+01
1.993846130371093750e+02 3.076923370361328125e+00
1.997692260742187500e+02 1.153846144676208496e+00
2.000000000000000000e+02 0.000000000000000000e+00
2.000000000000000000e+02 0.000000000000000000e+00
2.000000000000000000e+02 0.000000000000000000e+00
2.000000000000000000e+02 0.000000000000000000e+00
2.000000000000000000e+02 0.000000000000000000e+00
2.000000000000000000e+02 0.000000000000000000e+00
2.000000000000000000e+02 0.000000000000000000e+00
2.000000000000000000e+02 0.000000000000000000e+00
2.000000000000000000e+02 0.000000000000000000e+00
1.935769195556640625e+02 3.211538314819335938e+01
1.988846130371093750e+02 3.566154003143310547e+00
1.959615325927734375e+02 7.340513229370117188e+00
1.977307739257812500e+02 4.476929664611816406e+00
1.954230804443359375e+02 2.000802421569824219e+01
1.931538391113281250e+02 2.371739578247070312e+01
1.995769195556640625e+02 2.115384817123413086e+00
1.963076934814453125e+02 1.787083816528320312e+01
1.896296234130859375e+02 2.879833793640136719e+01
1.864444427490234375e+02 2.845051956176757812e+01
1.761724090576171875e+02 2.977625656127929688e+01
1.540909118652343750e+02 4.639642333984375000e+01
1.739310302734375000e+02 3.894906234741210938e+01
1.855555572509765625e+02 3.351984786987304688e+01
1.851071472167968750e+02 3.372402572631835938e+01
1.961153869628906250e+02 1.863892936706542969e+01
1.999615325927734375e+02 1.923076957464218140e-01
2.000000000000000000e+02 0.000000000000000000e+00
2.000000000000000000e+02 0.000000000000000000e+00
2.000000000000000000e+02 0.000000000000000000e+00
2.000000000000000000e+02 0.000000000000000000e+00
2.000000000000000000e+02 0.000000000000000000e+00
2.000000000000000000e+02 0.000000000000000000e+00
2.000000000000000000e+02 0.000000000000000000e+00
1.978076934814453125e+02 1.096153831481933594e+01
1.852592620849609375e+02 3.740824890136718750e+01
1.824642791748046875e+02 3.996827316284179688e+01
1.793571472167968750e+02 4.030704879760742188e+01
1.566969757080078125e+02 5.669721603393554688e+01
1.615806427001953125e+02 5.556441879272460938e+01
1.639354858398437500e+02 5.262952423095703125e+01
1.756206970214843750e+02 4.639962387084960938e+01
1.953461608886718750e+02 2.326922988891601562e+01
2.000000000000000000e+02 0.000000000000000000e+00
2.000000000000000000e+02 0.000000000000000000e+00
2.000000000000000000e+02 0.000000000000000000e+00
2.000000000000000000e+02 0.000000000000000000e+00
2.000000000000000000e+02 0.000000000000000000e+00
2.000000000000000000e+02 0.000000000000000000e+00
2.000000000000000000e+02 0.000000000000000000e+00
2.000000000000000000e+02 0.000000000000000000e+00
2.000000000000000000e+02 0.000000000000000000e+00
2.000000000000000000e+02 0.000000000000000000e+00
2.000000000000000000e+02 0.000000000000000000e+00
2.000000000000000000e+02 0.000000000000000000e+00
2.000000000000000000e+02 0.000000000000000000e+00
2.000000000000000000e+02 0.000000000000000000e+00
2.000000000000000000e+02 0.000000000000000000e+00
1.599375000000000000e+02 3.554832839965820312e+01
1.273750000000000000e+02 2.956153488159179688e+01
1.182790679931640625e+02 2.329519844055175781e+01
1.211904754638671875e+02 2.601303482055664062e+01
1.237073135375976562e+02 2.920594978332519531e+01
1.398333282470703125e+02 3.817103195190429688e+01
1.579687500000000000e+02 4.500936508178710938e+01
1.618709716796875000e+02 4.226853179931640625e+01
1.907407379150390625e+02 2.620657730102539062e+01
1.904074096679687500e+02 2.721418380737304688e+01
