2.288888931274414062e+01 1.036708927154541016e+01
2.902857208251953125e+01 2.166957855224609375e+01
3.733333206176757812e+01 1.832019805908203125e+01
5.009999847412109375e+01 3.703633117675781250e+01
5.223809432983398438e+01 2.344376182556152344e+01
6.886666870117187500e+01 3.470997619628906250e+01
6.223529434204101562e+01 2.677252578735351562e+01
7.000000000000000000e+01 2.448673057556152344e+01
6.993333435058593750e+01 2.424449539184570312e+01
7.359999847412109375e+01 2.785869026184082031e+01
1.023000030517578125e+02 5.805867767333984375e+01
8.683333587646484375e+01 4.528398132324218750e+01
9.154545593261718750e+01 2.752309417724609375e+01
1.115555572509765625e+02 5.427934265136718750e+01
1.280000000000000000e+02 3.743995285034179688e+01
1.441428527832031250e+02 4.396891403198242188e+01
1.075999984741210938e+02 3.446505355834960938e+01
1.226666641235351562e+02 3.151719093322753906e+01
1.370000000000000000e+02 3.142848968505859375e+01
1.691666717529296875e+02 1.530159759521484375e+01
2.000000000000000000e+02 0.000000000000000000e+00
2.000000000000000000e+02 0.000000000000000000e+00
1.893333282470703125e+02 1.214724445343017578e+01
1.366250000000000000e+02 1.384681797027587891e+01
1.443750000000000000e+02 2.348902702331542969e+01
1.365000000000000000e+02 1.786756896972656250e+01
1.315000000000000000e+02 7.729812622070312500e+00
1.270000000000000000e+02 9.460443496704101562e+00
1.300000000000000000e+02 1.491643428802490234e+01
1.265000000000000000e+02 1.767766952514648438e+01
1.261250000000000000e+02 1.642739677429199219e+01
1.321250000000000000e+02 1.094803047180175781e+01
1.265000000000000000e+02 1.297112178802490234e+01
1.293750000000000000e+02 4.121210575103759766e+00
1.287500000000000000e+02 8.317902565002441406e+00
1.277500000000000000e+02 1.063896179199218750e+01
1.332500000000000000e+02 1.587253952026367188e+01
1.412500000000000000e+02 9.216154098510742188e+00
1.685000000000000000e+02 2.752423095703125000e+01
1.870000000000000000e+02 1.148912525177001953e+01
2.000000000000000000e+02 0.000000000000000000e+00
2.000000000000000000e+02 0.000000000000000000e+00
2.000000000000000000e+02 0.000000000000000000e+00
2.000000000000000000e+02 0.000000000000000000e+00
2.000000000000000000e+02 0.000000000000000000e+00
2.000000000000000000e+02 0.000000000000000000e+00
2.000000000000000000e+02 0.000000000000000000e+00
2.000000000000000000e+02 0.000000000000000000e+00
2.000000000000000000e+02 0.000000000000000000e+00
2.000000000000000000e+02 0.000000000000000000e+00
2.000000000000000000e+02 0.000000000000000000e+00
2.000000000000000000e+02 0.000000000000000000e+00
2.000000000000000000e+02 0.000000000000000000e+00
2.000000000000000000e+02 0.000000000000000000e+00
2.000000000000000000e+02 0.000000000000000000e+00
2.000000000000000000e+02 0.000000000000000000e+00
2.000000000000000000e+02 0.000000000000000000e+00
2.000000000000000000e+02 0.000000000000000000e+00
2.000000000000000000e+02 0.000000000000000000e+00
2.000000000000000000e+02 0.000000000000000000e+00
2.000000000000000000e+02 0.000000000000000000e+00
2.000000000000000000e+02 0.000000000000000000e+00
2.000000000000000000e+02 0.000000000000000000e+00
2.000000000000000000e+02 0.000000000000000000e+00
2.000000000000000000e+02 0.000000000000000000e+00
2.000000000000000000e+02 0.000000000000000000e+00
2.000000000000000000e+02 0.000000000000000000e+00
1.993333282470703125e+02 1.490712046623229980e+00
2.000000000000000000e+02 0.000000000000000000e+00
2.000000000000000000e+02 0.000000000000000000e+00
2.000000000000000000e+02 0.000000000000000000e+00
1.993333282470703125e+02 1.490712046623229980e+00
2.000000000000000000e+02 0.000000000000000000e+00
1.923333282470703125e+02 1.714318847656250000e+01
2.000000000000000000e+02 0.000000000000000000e+00
2.000000000000000000e+02 0.000000000000000000e+00
1.736666717529296875e+02 2.818194770812988281e+01
1.821666717529296875e+02 2.695932960510253906e+01
2.000000000000000000e+02 0.000000000000000000e+00
1.806666717529296875e+02 2.412928199768066406e+01
1.750000000000000000e+02 3.593512725830078125e+01
2.000000000000000000e+02 0.000000000000000000e+00
1.853333282470703125e+02 1.598610591888427734e+01
1.701666717529296875e+02 2.252714538574218750e+01
1.933333282470703125e+02 1.280190944671630859e+01
1.680000000000000000e+02 3.717974472045898438e+01
1.693333282470703125e+02 4.434210205078125000e+01
1.828333282470703125e+02 2.629586029052734375e+01
1.644285736083984375e+02 4.570669174194335938e+01
1.645714263916015625e+02 3.591997909545898438e+01
1.948333282470703125e+02 1.068358039855957031e+01
1.816666717529296875e+02 1.430229187011718750e+01
1.770000000000000000e+02 3.569780731201171875e+01
1.461250000000000000e+02 4.566025924682617188e+01
1.941666717529296875e+02 9.316949844360351562e+00
1.831666717529296875e+02 3.217875289916992188e+01
1.442857208251953125e+02 4.891600418090820312e+01
1.481428527832031250e+02 3.947306060791015625e+01
1.367500000000000000e+02 5.512656021118164062e+01
1.271250000000000000e+02 4.082719039916992188e+01
