2.288888931274414062e+01 1.036708927154541016e+01
2.840540504455566406e+01 1.366482925415039062e+01
5.140000152587890625e+01 2.606990623474121094e+01
5.305263137817382812e+01 2.937144088745117188e+01
6.262500000000000000e+01 2.679989433288574219e+01
5.900000000000000000e+01 1.531627368927001953e+01
8.500000000000000000e+01 3.712815475463867188e+01
7.385713958740234375e+01 2.959212303161621094e+01
7.900000000000000000e+01 2.689295005798339844e+01
9.263636016845703125e+01 2.406533813476562500e+01
1.113333358764648438e+02 3.350290298461914062e+01
1.045000000000000000e+02 4.057893753051757812e+01
9.663636016845703125e+01 2.757559204101562500e+01
1.120000000000000000e+02 2.702673530578613281e+01
1.112222213745117188e+02 3.305139923095703125e+01
1.268750000000000000e+02 4.659516525268554688e+01
1.174444427490234375e+02 3.639630889892578125e+01
1.267500000000000000e+02 3.091015243530273438e+01
1.346250000000000000e+02 4.930501556396484375e+01
1.183333358764648438e+02 3.978274154663085938e+01
1.248888854980468750e+02 3.886570739746093750e+01
1.674285736083984375e+02 4.091055297851562500e+01
1.511428527832031250e+02 1.552351760864257812e+01
1.620000000000000000e+02 2.838510704040527344e+01
1.447142791748046875e+02 1.981856346130371094e+01
1.475714263916015625e+02 3.084457397460937500e+01
1.608571472167968750e+02 2.973419761657714844e+01
1.442857208251953125e+02 4.188662719726562500e+01
1.673333282470703125e+02 4.219662857055664062e+01
1.695000000000000000e+02 3.061998176574707031e+01
1.684285736083984375e+02 2.935427665710449219e+01
1.352500000000000000e+02 3.610661315917968750e+01
1.133333358764648438e+02 2.311324882507324219e+01
9.000000000000000000e+01 1.828934097290039062e+01
9.854545593261718750e+01 2.696247863769531250e+01
9.890908813476562500e+01 2.179013252258300781e+01
1.058000030517578125e+02 1.584802818298339844e+01
1.202222213745117188e+02 2.698056030273437500e+01
1.460000000000000000e+02 2.501428222656250000e+01
1.680000000000000000e+02 2.250079345703125000e+01
1.745000000000000000e+02 2.375394630432128906e+01
1.836666717529296875e+02 1.637749099731445312e+01
2.000000000000000000e+02 0.000000000000000000e+00
2.000000000000000000e+02 0.000000000000000000e+00
2.000000000000000000e+02 0.000000000000000000e+00
2.000000000000000000e+02 0.000000000000000000e+00
2.000000000000000000e+02 0.000000000000000000e+00
2.000000000000000000e+02 0.000000000000000000e+00
1.895000000000000000e+02 1.185678386688232422e+01
1.795000000000000000e+02 1.668082809448242188e+01
1.863333282470703125e+02 1.379210758209228516e+01
1.863333282470703125e+02 1.703590965270996094e+01
1.811666717529296875e+02 2.671090126037597656e+01
2.000000000000000000e+02 0.000000000000000000e+00
2.000000000000000000e+02 0.000000000000000000e+00
1.921666717529296875e+02 1.751586723327636719e+01
2.000000000000000000e+02 0.000000000000000000e+00
2.000000000000000000e+02 0.000000000000000000e+00
2.000000000000000000e+02 0.000000000000000000e+00
2.000000000000000000e+02 0.000000000000000000e+00
2.000000000000000000e+02 0.000000000000000000e+00
2.000000000000000000e+02 0.000000000000000000e+00
2.000000000000000000e+02 0.000000000000000000e+00
2.000000000000000000e+02 0.000000000000000000e+00
1.980000000000000000e+02 4.472136020660400391e+00
2.000000000000000000e+02 0.000000000000000000e+00
2.000000000000000000e+02 0.000000000000000000e+00
1.998333282470703125e+02 3.726779818534851074e-01
1.956666717529296875e+02 9.689627647399902344e+00
2.000000000000000000e+02 0.000000000000000000e+00
2.000000000000000000e+02 0.000000000000000000e+00
2.000000000000000000e+02 0.000000000000000000e+00
1.918333282470703125e+02 1.183802700042724609e+01
2.000000000000000000e+02 0.000000000000000000e+00
1.980000000000000000e+02 4.472136020660400391e+00
1.980000000000000000e+02 4.472136020660400391e+00
1.866666717529296875e+02 1.972026634216308594e+01
1.587142791748046875e+02 2.732196617126464844e+01
1.597142791748046875e+02 2.683661842346191406e+01
1.614285736083984375e+02 1.912258911132812500e+01
1.464285736083984375e+02 1.725321769714355469e+01
1.511428527832031250e+02 1.074946594238281250e+01
1.431428527832031250e+02 1.305404853820800781e+01
1.482857208251953125e+02 1.848330688476562500e+01
1.303750000000000000e+02 1.541863727569580078e+01
1.278750000000000000e+02 2.138596153259277344e+01
1.202222213745117188e+02 1.239872550964355469e+01
1.143333358764648438e+02 2.213594436645507812e+01
9.727272796630859375e+01 1.436593818664550781e+01
1.048000030517578125e+02 1.895679283142089844e+01
1.096999969482421875e+02 2.527469062805175781e+01
1.250000000000000000e+02 1.439907360076904297e+01
1.261250000000000000e+02 1.648057556152343750e+01
1.668333282470703125e+02 2.057844161987304688e+01
1.758333282470703125e+02 2.119289779663085938e+01
1.740000000000000000e+02 2.500000000000000000e+01
1.750000000000000000e+02 1.567375755310058594e+01
1.735000000000000000e+02 2.160825347900390625e+01
2.000000000000000000e+02 0.000000000000000000e+00
1.926666717529296875e+02 1.037090015411376953e+01
