2.288888931274414062e+01 1.036708927154541016e+01
2.759459495544433594e+01 1.600753211975097656e+01
5.040000152587890625e+01 3.182671737670898438e+01
4.241666793823242188e+01 1.752597236633300781e+01
4.015999984741210938e+01 2.079746055603027344e+01
4.208333206176757812e+01 1.477587127685546875e+01
5.054999923706054688e+01 2.559780311584472656e+01
6.350000000000000000e+01 2.457386779785156250e+01
9.100000000000000000e+01 3.583759689331054688e+01
6.318750000000000000e+01 2.517741775512695312e+01
5.605555725097656250e+01 1.780284690856933594e+01
5.610526275634765625e+01 2.190143966674804688e+01
6.011764526367187500e+01 3.395824813842773438e+01
7.033333587646484375e+01 2.736583518981933594e+01
9.590908813476562500e+01 1.899021148681640625e+01
9.381818389892578125e+01 3.887466430664062500e+01
9.645454406738281250e+01 2.937025070190429688e+01
8.453845977783203125e+01 3.509024429321289062e+01
7.000000000000000000e+01 1.960612106323242188e+01
7.226667022705078125e+01 2.370222854614257812e+01
6.425000000000000000e+01 1.832518768310546875e+01
6.281250000000000000e+01 2.542198562622070312e+01
6.088235473632812500e+01 1.674684333801269531e+01
7.166666412353515625e+01 2.554125213623046875e+01
6.556250000000000000e+01 2.101478195190429688e+01
7.231250000000000000e+01 4.245691680908203125e+01
7.307142639160156250e+01 2.700387191772460938e+01
6.780000305175781250e+01 2.834595870971679688e+01
6.375000000000000000e+01 2.015719413757324219e+01
8.366666412353515625e+01 2.995923233032226562e+01
7.046666717529296875e+01 2.523190116882324219e+01
1.010999984741210938e+02 5.104987716674804688e+01
8.875000000000000000e+01 2.885054969787597656e+01
7.746154022216796875e+01 1.516887092590332031e+01
8.161538696289062500e+01 3.268624496459960938e+01
7.357142639160156250e+01 2.673604774475097656e+01
7.507142639160156250e+01 2.730636978149414062e+01
6.350000000000000000e+01 2.019591522216796875e+01
5.894117736816406250e+01 2.401340484619140625e+01
5.976470565795898438e+01 2.340821647644042969e+01
6.005882263183593750e+01 1.402296733856201172e+01
6.170588302612304688e+01 1.866977691650390625e+01
6.300000000000000000e+01 2.432077217102050781e+01
6.612500000000000000e+01 2.021408843994140625e+01
7.033333587646484375e+01 3.279159545898437500e+01
6.846666717529296875e+01 2.265646743774414062e+01
6.706666564941406250e+01 4.068983078002929688e+01
8.084615325927734375e+01 2.580055427551269531e+01
7.846154022216796875e+01 2.415850067138671875e+01
7.792308044433593750e+01 3.097756195068359375e+01
9.100000000000000000e+01 3.729733276367187500e+01
7.350000000000000000e+01 2.089685440063476562e+01
8.176923370361328125e+01 3.583756637573242188e+01
9.254545593261718750e+01 2.531389808654785156e+01
7.846154022216796875e+01 1.859948348999023438e+01
7.846154022216796875e+01 2.438667678833007812e+01
7.228571319580078125e+01 2.654222679138183594e+01
7.853845977783203125e+01 2.454075241088867188e+01
7.207142639160156250e+01 2.459519195556640625e+01
6.946666717529296875e+01 1.696610832214355469e+01
8.575000000000000000e+01 2.172987556457519531e+01
6.893333435058593750e+01 2.597554206848144531e+01
6.258823394775390625e+01 1.819844436645507812e+01
7.171428680419921875e+01 1.526634407043457031e+01
7.514286041259765625e+01 2.485057258605957031e+01
6.980000305175781250e+01 1.718604087829589844e+01
8.400000000000000000e+01 3.438749694824218750e+01
7.171428680419921875e+01 1.925553131103515625e+01
7.171428680419921875e+01 1.806902885437011719e+01
6.906666564941406250e+01 1.586386489868164062e+01
7.200000000000000000e+01 2.403568840026855469e+01
6.873332977294921875e+01 1.867785453796386719e+01
9.390908813476562500e+01 4.137731933593750000e+01
6.631250000000000000e+01 1.606906509399414062e+01
7.721428680419921875e+01 2.460597610473632812e+01
8.269230651855468750e+01 2.282503318786621094e+01
9.691666412353515625e+01 4.251364135742187500e+01
9.158333587646484375e+01 4.041546630859375000e+01
1.046999969482421875e+02 4.629049682617187500e+01
7.876923370361328125e+01 2.593528556823730469e+01
6.350000000000000000e+01 2.929376983642578125e+01
5.994117736816406250e+01 2.737854576110839844e+01
7.414286041259765625e+01 4.197594070434570312e+01
6.317647171020507812e+01 2.801729583740234375e+01
6.275000000000000000e+01 2.383406257629394531e+01
6.000000000000000000e+01 2.335908889770507812e+01
5.357894897460937500e+01 1.343724536895751953e+01
5.321052551269531250e+01 1.787553215026855469e+01
5.045000076293945312e+01 1.239546298980712891e+01
5.526315689086914062e+01 1.446535682678222656e+01
5.054999923706054688e+01 8.958097457885742188e+00
4.586956405639648438e+01 1.177434349060058594e+01
5.321052551269531250e+01 1.289463043212890625e+01
5.284210586547851562e+01 1.225287532806396484e+01
4.640909194946289062e+01 9.003328323364257812e+00
4.871428680419921875e+01 9.617161750793457031e+00
4.923809432983398438e+01 1.389383125305175781e+01
5.644444274902343750e+01 1.701379203796386719e+01
5.331578826904296875e+01 1.390968132019042969e+01
5.583333206176757812e+01 1.424098205566406250e+01
