9.005395889282226562e+00 5.436187267303466797e+00
1.030246925354003906e+01 3.527825117111206055e+00
1.873507499694824219e+01 8.477403640747070312e+00
1.241439247131347656e+01 4.028372287750244141e+00
2.681818199157714844e+01 1.326847648620605469e+01
2.223555564880371094e+01 1.180103874206542969e+01
3.873077011108398438e+01 2.141990089416503906e+01
3.184810066223144531e+01 1.615869712829589844e+01
3.882170486450195312e+01 1.228375720977783203e+01
6.107316970825195312e+01 3.011513519287109375e+01
8.854386138916015625e+01 4.499827194213867188e+01
9.761538696289062500e+01 3.821757125854492188e+01
9.900000000000000000e+01 2.181293106079101562e+01
9.958823394775390625e+01 9.876048088073730469e+00
1.075531921386718750e+02 1.438942909240722656e+01
1.166744155883789062e+02 1.265778732299804688e+01
1.337631530761718750e+02 2.175271797180175781e+01
1.670322570800781250e+02 3.639521789550781250e+01
2.714210510253906250e+02 5.326529312133789062e+01
2.479047546386718750e+02 6.736885070800781250e+01
3.603333435058593750e+02 8.686669158935546875e+01
3.857692260742187500e+02 1.157611312866210938e+02
3.338666687011718750e+02 4.538409042358398438e+01
4.235000000000000000e+02 5.458708572387695312e+01
6.971250000000000000e+02 9.431123352050781250e+01
8.911666870117187500e+02 2.433587188720703125e+02
1.000000000000000000e+03 0.000000000000000000e+00
3.400000000000000000e+02 2.992333374023437500e+02
1.000000000000000000e+03 0.000000000000000000e+00
1.000000000000000000e+03 0.000000000000000000e+00
1.077708358764648438e+02 7.237697601318359375e+01
6.670666503906250000e+01 4.807043838500976562e+01
1.425000000000000000e+02 9.011334991455078125e+01
1.000000000000000000e+03 0.000000000000000000e+00
4.762727355957031250e+02 2.329721374511718750e+02
1.549393920898437500e+02 1.836488533020019531e+01
9.809615325927734375e+01 1.108578395843505859e+01
7.938095092773437500e+01 6.155210971832275391e+00
6.813513183593750000e+01 3.943261146545410156e+00
7.508955383300781250e+01 4.517730712890625000e+00
8.022222137451171875e+01 3.735052347183227539e+00
9.590566253662109375e+01 2.644068956375122070e+00
1.188372116088867188e+02 3.905453681945800781e+00
1.724482727050781250e+02 5.792898178100585938e+00
3.847857055664062500e+02 2.788542556762695312e+01
1.000000000000000000e+03 0.000000000000000000e+00
1.342894744873046875e+02 2.624860048294067383e+00
1.897727203369140625e+01 8.503979682922363281e+00
6.818918609619140625e+01 2.172777891159057617e+00
5.658427047729492188e+01 8.816237449645996094e+00
6.374683380126953125e+01 2.040443611145019531e+01
6.962500000000000000e+01 2.832128906250000000e+01
6.542857360839843750e+01 2.608449363708496094e+01
5.851162719726562500e+01 2.778478050231933594e+01
5.122449111938476562e+01 2.128165435791015625e+01
6.852054595947265625e+01 3.291545867919921875e+01
7.980952453613281250e+01 3.800202941894531250e+01
1.021020431518554688e+02 5.979633712768554688e+01
1.358108062744140625e+02 7.204121398925781250e+01
1.567500000000000000e+02 1.099036483764648438e+02
1.860000000000000000e+02 1.034300994873046875e+02
3.213125000000000000e+02 2.162471618652343750e+02
2.589523925781250000e+02 2.083955535888671875e+02
4.280000000000000000e+02 3.052528991699218750e+02
5.100909118652343750e+02 3.475122985839843750e+02
8.928333129882812500e+02 2.396319427490234375e+02
1.000000000000000000e+03 0.000000000000000000e+00
1.000000000000000000e+03 0.000000000000000000e+00
1.000000000000000000e+03 0.000000000000000000e+00
1.000000000000000000e+03 0.000000000000000000e+00
1.000000000000000000e+03 0.000000000000000000e+00
1.000000000000000000e+03 0.000000000000000000e+00
1.000000000000000000e+03 0.000000000000000000e+00
1.000000000000000000e+03 0.000000000000000000e+00
1.000000000000000000e+03 0.000000000000000000e+00
1.000000000000000000e+03 0.000000000000000000e+00
1.000000000000000000e+03 0.000000000000000000e+00
1.000000000000000000e+03 0.000000000000000000e+00
1.000000000000000000e+03 0.000000000000000000e+00
1.000000000000000000e+03 0.000000000000000000e+00
1.000000000000000000e+03 0.000000000000000000e+00
1.000000000000000000e+03 0.000000000000000000e+00
1.000000000000000000e+03 0.000000000000000000e+00
1.000000000000000000e+03 0.000000000000000000e+00
1.000000000000000000e+03 0.000000000000000000e+00
1.000000000000000000e+03 0.000000000000000000e+00
1.000000000000000000e+03 0.000000000000000000e+00
1.000000000000000000e+03 0.000000000000000000e+00
1.000000000000000000e+03 0.000000000000000000e+00
5.440860366821289062e+01 1.378890075683593750e+02
1.000000000000000000e+03 0.000000000000000000e+00
1.000000000000000000e+03 0.000000000000000000e+00
1.000000000000000000e+03 0.000000000000000000e+00
1.000000000000000000e+03 0.000000000000000000e+00
1.000000000000000000e+03 0.000000000000000000e+00
1.000000000000000000e+03 0.000000000000000000e+00
7.328571166992187500e+02 3.439470214843750000e+02
7.807142944335937500e+02 2.915827636718750000e+02
7.857142944335937500e+02 3.147255859375000000e+02
9.095000000000000000e+02 1.291920471191406250e+02
