1.003999996185302734e+01 8.937471389770507812e+00
5.122448921203613281e+00 5.395634174346923828e-01
2.191304397583007812e+01 1.000831413269042969e+01
4.153845977783203125e+01 1.964146041870117188e+01
3.976190567016601562e+00 8.860853910446166992e-01
1.530303001403808594e+01 7.428384780883789062e+00
1.470588207244873047e+01 7.853547096252441406e+00
1.616129112243652344e+01 5.501300334930419922e+00
2.226086997985839844e+01 5.957949638366699219e+00
2.336363601684570312e+01 5.889477729797363281e+00
2.286363601684570312e+01 7.533534526824951172e+00
2.520000076293945312e+01 9.739609718322753906e+00
2.226086997985839844e+01 9.887266159057617188e+00
2.036000061035156250e+01 5.918648242950439453e+00
2.265217399597167969e+01 6.376646518707275391e+00
2.247826004028320312e+01 5.671205997467041016e+00
2.120833396911621094e+01 4.915783882141113281e+00
2.020000076293945312e+01 5.145872116088867188e+00
1.758620643615722656e+01 5.916180133819580078e+00
1.172727298736572266e+01 6.136195182800292969e+00
1.828571510314941406e+01 5.541126251220703125e+00
2.141666603088378906e+01 3.302986860275268555e+00
2.125000000000000000e+01 2.975595235824584961e+00
1.930769157409667969e+01 2.728330373764038086e+00
2.277272796630859375e+01 3.617279529571533203e+00
2.178260803222656250e+01 4.529675483703613281e+00
2.200000000000000000e+01 3.878592252731323242e+00
2.023999977111816406e+01 3.165817499160766602e+00
2.243478202819824219e+01 5.131539821624755859e+00
2.200000000000000000e+01 4.433077335357666016e+00
2.108333396911621094e+01 3.252135992050170898e+00
2.145833396911621094e+01 3.947353124618530273e+00
2.186956596374511719e+01 3.904338121414184570e+00
2.104166603088378906e+01 4.439211368560791016e+00
2.191304397583007812e+01 3.562034845352172852e+00
1.976922988891601562e+01 5.063502311706542969e+00
2.084000015258789062e+01 5.311722755432128906e+00
2.108333396911621094e+01 3.365469932556152344e+00
2.752631568908691406e+01 1.169511032104492188e+01
2.318181800842285156e+01 4.744722843170166016e+00
2.104166603088378906e+01 4.138026714324951172e+00
1.877777862548828125e+01 2.131480932235717773e+00
1.832142829895019531e+01 2.988711833953857422e+00
1.885185241699218750e+01 5.468452930450439453e+00
1.984615325927734375e+01 7.214794158935546875e+00
2.363636398315429688e+01 6.241688728332519531e+00
2.504999923706054688e+01 8.096140861511230469e+00
3.243750000000000000e+01 1.074109363555908203e+01
3.268750000000000000e+01 1.125676918029785156e+01
3.969230651855468750e+01 9.832322120666503906e+00
4.700000000000000000e+01 9.638936042785644531e+00
4.845454406738281250e+01 2.092568397521972656e+01
5.577777862548828125e+01 1.506119251251220703e+01
5.700000000000000000e+01 9.977752685546875000e+00
5.550000000000000000e+01 2.147207450866699219e+01
6.325000000000000000e+01 1.439400959014892578e+01
6.962500000000000000e+01 2.029123878479003906e+01
5.000000000000000000e+01 1.956341552734375000e+01
5.190000152587890625e+01 1.275499820709228516e+01
4.645454406738281250e+01 1.934078788757324219e+01
5.109090805053710938e+01 1.559985160827636719e+01
5.911111068725585938e+01 2.584330749511718750e+01
5.090000152587890625e+01 1.563617610931396484e+01
5.120000076293945312e+01 2.198089981079101562e+01
4.353845977783203125e+01 1.533028888702392578e+01
3.453333282470703125e+01 1.148835182189941406e+01
4.672727203369140625e+01 9.927839279174804688e+00
3.466666793823242188e+01 1.125857734680175781e+01
3.400000000000000000e+01 1.344432926177978516e+01
2.277272796630859375e+01 9.853157043457031250e+00
2.182608604431152344e+01 6.280765533447265625e+00
1.980769157409667969e+01 6.379168033599853516e+00
2.286363601684570312e+01 9.186429977416992188e+00
2.265217399597167969e+01 6.779821395874023438e+00
2.252173995971679688e+01 8.943637847900390625e+00
2.442857170104980469e+01 7.148569107055664062e+00
3.520000076293945312e+01 1.600083351135253906e+01
3.540000152587890625e+01 6.118823051452636719e+00
4.275000000000000000e+01 1.210457897186279297e+01
4.533333206176757812e+01 1.610555458068847656e+01
5.459999847412109375e+01 2.029384040832519531e+01
5.670000076293945312e+01 1.888412094116210938e+01
4.876922988891601562e+01 3.061712455749511719e+01
3.785714340209960938e+01 1.442644882202148438e+01
4.153845977783203125e+01 2.278195953369140625e+01
3.156250000000000000e+01 1.306698513031005859e+01
3.440000152587890625e+01 1.730048179626464844e+01
2.861111068725585938e+01 1.510753726959228516e+01
3.058823585510253906e+01 1.091711521148681641e+01
3.792856979370117188e+01 1.485387992858886719e+01
3.256250000000000000e+01 1.349985504150390625e+01
5.822222137451171875e+01 2.585763549804687500e+01
5.027272796630859375e+01 3.533242416381835938e+01
3.921428680419921875e+01 2.540297508239746094e+01
4.818181991577148438e+01 2.232739067077636719e+01
6.837500000000000000e+01 2.056658363342285156e+01
4.508333206176757812e+01 1.131708431243896484e+01
4.383333206176757812e+01 1.439232063293457031e+01
3.052941131591796875e+01 1.548098564147949219e+01
2.372727203369140625e+01 9.011012077331542969e+00
