1.003999996185302734e+01 8.937471389770507812e+00
8.946428298950195312e+00 3.837873458862304688e+00
2.827777862548828125e+01 9.103146553039550781e+00
2.657894706726074219e+01 1.235576057434082031e+01
2.359090995788574219e+01 1.036891746520996094e+01
3.206250000000000000e+01 1.711895370483398438e+01
3.666666793823242188e+01 1.331999301910400391e+01
2.905555534362792969e+01 1.567188644409179688e+01
3.017646980285644531e+01 1.433726215362548828e+01
6.277777862548828125e+01 2.393406486511230469e+01
8.128571319580078125e+01 3.670233154296875000e+01
8.750000000000000000e+01 3.861670684814453125e+01
7.814286041259765625e+01 3.197511672973632812e+01
4.750000000000000000e+01 1.576124000549316406e+01
3.946154022216796875e+01 1.952361488342285156e+01
5.611111068725585938e+01 1.209632110595703125e+01
6.644444274902343750e+01 2.060264778137207031e+01
8.966666412353515625e+01 3.737943649291992188e+01
1.358000030517578125e+02 3.717741012573242188e+01
1.044000015258789062e+02 1.276871204376220703e+01
5.755555725097656250e+01 1.165343189239501953e+01
4.872727203369140625e+01 1.090530300140380859e+01
4.433333206176757812e+01 1.874536895751953125e+01
4.369230651855468750e+01 1.945165443420410156e+01
5.600000000000000000e+01 2.976575279235839844e+01
5.179999923706054688e+01 1.470238018035888672e+01
7.442857360839843750e+01 1.201019954681396484e+01
6.387500000000000000e+01 2.106203651428222656e+01
2.775000000000000000e+02 3.050000000000000000e+01
2.083333282470703125e+02 6.697926330566406250e+01
2.063333282470703125e+02 8.252811431884765625e+01
1.265000000000000000e+02 1.353698635101318359e+01
9.533333587646484375e+01 1.489593601226806641e+01
9.750000000000000000e+01 1.078192901611328125e+01
9.083333587646484375e+01 1.127558803558349609e+01
9.900000000000000000e+01 1.287115669250488281e+01
1.085999984741210938e+02 1.675231361389160156e+01
1.218000030517578125e+02 7.984985828399658203e+00
1.108000030517578125e+02 2.149790763854980469e+01
1.231999969482421875e+02 1.285923862457275391e+01
1.200000000000000000e+02 1.314534187316894531e+01
1.285000000000000000e+02 9.340770721435546875e+00
1.108000030517578125e+02 3.544008970260620117e+00
1.305000000000000000e+02 1.764227867126464844e+01
1.502500000000000000e+02 2.740780067443847656e+01
1.670000000000000000e+02 3.269046783447265625e+01
9.400000000000000000e+01 4.808672714233398438e+01
9.316666412353515625e+01 2.921424674987792969e+01
1.452500000000000000e+02 9.338462066650390625e+01
1.437500000000000000e+02 3.348413848876953125e+01
1.730000000000000000e+02 6.235917663574218750e+01
1.380000000000000000e+02 6.925315856933593750e+01
2.920000000000000000e+02 4.300000000000000000e+01
1.836666717529296875e+02 3.425719833374023438e+01
1.970000000000000000e+02 4.809019470214843750e+01
3.355000000000000000e+02 3.150000000000000000e+01
1.983333282470703125e+02 5.317476272583007812e+01
2.705000000000000000e+02 1.275000000000000000e+02
1.730000000000000000e+02 5.448547363281250000e+01
1.000000000000000000e+03 0.000000000000000000e+00
1.000000000000000000e+03 0.000000000000000000e+00
1.000000000000000000e+03 0.000000000000000000e+00
1.000000000000000000e+03 0.000000000000000000e+00
1.000000000000000000e+03 0.000000000000000000e+00
1.000000000000000000e+03 0.000000000000000000e+00
1.000000000000000000e+03 0.000000000000000000e+00
1.000000000000000000e+03 0.000000000000000000e+00
1.000000000000000000e+03 0.000000000000000000e+00
1.000000000000000000e+03 0.000000000000000000e+00
1.000000000000000000e+03 0.000000000000000000e+00
1.000000000000000000e+03 0.000000000000000000e+00
1.492500000000000000e+02 1.456665706634521484e+01
7.828571319580078125e+01 4.758665466308593750e+01
1.862068939208984375e+01 2.982525253295898438e+01
5.550000000000000000e+01 2.591621208190917969e+01
6.400000000000000000e+01 2.828427076339721680e+00
7.112500000000000000e+01 6.293598175048828125e+00
8.650000000000000000e+01 8.118907928466796875e+00
6.912500000000000000e+01 3.369880294799804688e+01
5.733333206176757812e+01 1.976528930664062500e+01
7.657142639160156250e+01 2.659138870239257812e+01
8.466666412353515625e+01 3.685406494140625000e+01
6.412500000000000000e+01 3.452331542968750000e+01
5.629999923706054688e+01 3.449072647094726562e+01
5.129999923706054688e+01 2.738265800476074219e+01
3.876922988891601562e+01 2.168712425231933594e+01
5.000000000000000000e+01 3.775447082519531250e+01
2.639999961853027344e+01 1.988818740844726562e+01
2.100000000000000000e+01 1.846618461608886719e+01
4.276922988891601562e+01 3.833286285400390625e+01
3.642856979370117188e+01 2.967614364624023438e+01
4.416666793823242188e+01 2.459618377685546875e+01
4.918181991577148438e+01 2.374415969848632812e+01
7.185713958740234375e+01 2.368500709533691406e+01
6.462500000000000000e+01 2.489948463439941406e+01
5.540000152587890625e+01 2.520793533325195312e+01
4.292307662963867188e+01 2.558984565734863281e+01
4.945454406738281250e+01 3.619734573364257812e+01
8.328571319580078125e+01 8.474788665771484375e+01
6.011111068725585938e+01 4.289118957519531250e+01
