9.005395889282226562e+00 5.436187267303466797e+00
8.925133705139160156e+00 5.251407623291015625e+00
8.193125724792480469e+00 4.440037250518798828e+00
8.756567001342773438e+00 4.937997817993164062e+00
8.748691558837890625e+00 5.016867160797119141e+00
8.470389366149902344e+00 5.173345565795898438e+00
8.794376373291015625e+00 5.016132354736328125e+00
9.209944725036621094e+00 5.530439376831054688e+00
8.801405906677246094e+00 4.584791660308837891e+00
9.028881072998046875e+00 5.377036571502685547e+00
8.682291984558105469e+00 4.954105377197265625e+00
8.780701637268066406e+00 4.898547649383544922e+00
8.413445472717285156e+00 4.813896656036376953e+00
8.495755195617675781e+00 5.108207702636718750e+00
8.741258621215820312e+00 5.283518791198730469e+00
8.697391510009765625e+00 4.800968170166015625e+00
8.768826484680175781e+00 5.120865821838378906e+00
8.588335990905761719e+00 5.208714008331298828e+00
8.978571891784667969e+00 5.185099124908447266e+00
8.704347610473632812e+00 5.070930004119873047e+00
8.949910163879394531e+00 5.203995704650878906e+00
8.622413635253906250e+00 4.586019039154052734e+00
8.608919143676757812e+00 4.936793327331542969e+00
8.722996711730957031e+00 4.644309520721435547e+00
8.568259239196777344e+00 4.727338314056396484e+00
8.725217819213867188e+00 5.290283679962158203e+00
8.503401756286621094e+00 4.596470355987548828e+00
8.655709266662597656e+00 4.992465972900390625e+00
8.474575996398925781e+00 4.661984443664550781e+00
8.869026184082031250e+00 4.995982170104980469e+00
8.682842254638671875e+00 4.744961738586425781e+00
9.135036468505859375e+00 4.860087871551513672e+00
9.025225639343261719e+00 5.311155319213867188e+00
8.474575996398925781e+00 4.616315841674804688e+00
9.057971000671386719e+00 4.915618419647216797e+00
8.960643768310546875e+00 5.483938694000244141e+00
8.468697547912597656e+00 5.049530029296875000e+00
8.568492889404296875e+00 4.725560665130615234e+00
8.806338310241699219e+00 4.865569114685058594e+00
8.505102157592773438e+00 4.594248294830322266e+00
8.834215164184570312e+00 5.215703010559082031e+00
8.874113082885742188e+00 5.283129692077636719e+00
8.563356399536132812e+00 4.795055866241455078e+00
8.799648284912109375e+00 4.726093292236328125e+00
8.820105552673339844e+00 4.977843284606933594e+00
8.726003646850585938e+00 5.074657917022705078e+00
8.562393188476562500e+00 4.714765548706054688e+00
8.586621284484863281e+00 4.737967014312744141e+00
8.716521263122558594e+00 4.831201553344726562e+00
8.982078552246093750e+00 5.480467319488525391e+00
8.632759094238281250e+00 4.827146530151367188e+00
8.902134895324707031e+00 5.429525375366210938e+00
8.693771362304687500e+00 4.927290916442871094e+00
8.777193069458007812e+00 5.179701328277587891e+00
8.874113082885742188e+00 5.073583126068115234e+00
8.609293937683105469e+00 4.812189102172851562e+00
8.422558784484863281e+00 4.754749298095703125e+00
8.735191345214843750e+00 5.169555187225341797e+00
9.000000000000000000e+00 5.065399646759033203e+00
8.684027671813964844e+00 5.079317569732666016e+00
8.856637001037597656e+00 5.071416854858398438e+00
8.962499618530273438e+00 5.067440509796142578e+00
8.741258621215820312e+00 5.007984161376953125e+00
8.992805480957031250e+00 5.198224067687988281e+00
8.932143211364746094e+00 4.863020420074462891e+00
8.652249336242675781e+00 4.650985240936279297e+00
8.944643020629882812e+00 4.951061248779296875e+00
8.410083770751953125e+00 4.901370048522949219e+00
8.709565162658691406e+00 4.947813987731933594e+00
8.624137878417968750e+00 4.879948616027832031e+00
8.792618751525878906e+00 4.968004703521728516e+00
9.057866096496582031e+00 5.210600376129150391e+00
8.640759468078613281e+00 4.636954307556152344e+00
8.650519371032714844e+00 4.809772968292236328e+00
8.802817344665527344e+00 5.008780002593994141e+00
8.732984542846679688e+00 5.423133373260498047e+00
9.181651115417480469e+00 5.632314205169677734e+00
8.611015319824218750e+00 4.904963970184326172e+00
8.461929321289062500e+00 4.781325340270996094e+00
8.771929740905761719e+00 4.983191013336181641e+00
8.649999618530273438e+00 5.048036575317382812e+00
9.135036468505859375e+00 5.078221797943115234e+00
9.076225280761718750e+00 4.942280292510986328e+00
8.983841896057128906e+00 5.084008216857910156e+00
8.823633193969726562e+00 4.815532684326171875e+00
8.870567321777343750e+00 5.133251190185546875e+00
8.978494644165039062e+00 5.605255603790283203e+00
9.050632476806640625e+00 5.415900230407714844e+00
8.914438247680664062e+00 4.957195281982421875e+00
8.870567321777343750e+00 4.829275131225585938e+00
8.719511985778808594e+00 4.773956775665283203e+00
8.973117828369140625e+00 5.339478492736816406e+00
8.506802558898925781e+00 4.636987686157226562e+00
9.202205657958984375e+00 5.442168712615966797e+00
8.693241119384765625e+00 4.832498073577880859e+00
8.792618751525878906e+00 4.974015235900878906e+00
8.435075759887695312e+00 4.738659381866455078e+00
8.777193069458007812e+00 4.879729270935058594e+00
8.612736701965332031e+00 5.046405315399169922e+00
8.794376373291015625e+00 5.239256858825683594e+00
