8.199999809265136719e+00 4.214261531829833984e+00
1.300000000000000000e+01 8.845903396606445312e+00
2.020000076293945312e+01 8.352245330810546875e+00
2.039999961853027344e+01 1.294758701324462891e+01
3.416666793823242188e+01 1.795751190185546875e+01
4.400000000000000000e+01 2.551862144470214844e+01
3.516666793823242188e+01 1.246885013580322266e+01
5.425000000000000000e+01 3.117992210388183594e+01
7.533333587646484375e+01 1.536952304840087891e+01
5.079999923706054688e+01 2.354060173034667969e+01
6.125000000000000000e+01 1.487237358093261719e+01
8.800000000000000000e+01 1.363818168640136719e+01
8.233333587646484375e+01 3.512200927734375000e+01
6.866666412353515625e+01 1.388844394683837891e+01
6.800000000000000000e+01 1.098483753204345703e+01
8.466666412353515625e+01 2.978067970275878906e+01
7.933333587646484375e+01 2.887136268615722656e+01
8.333333587646484375e+01 1.915434455871582031e+01
1.065000000000000000e+02 6.450000000000000000e+01
1.073333358764648438e+02 7.031516265869140625e+01
9.766666412353515625e+01 2.694851112365722656e+01
7.800000000000000000e+01 2.160246849060058594e+01
1.670000000000000000e+02 1.150000000000000000e+02
1.180000000000000000e+02 2.600000000000000000e+01
5.850000000000000000e+01 1.025914192199707031e+01
6.875000000000000000e+01 1.707886123657226562e+01
5.200000000000000000e+01 2.294558715820312500e+01
5.925000000000000000e+01 3.269174098968505859e+00
7.566666412353515625e+01 1.835453224182128906e+01
8.733333587646484375e+01 3.938132858276367188e+01
9.233333587646484375e+01 5.014866638183593750e+01
7.633333587646484375e+01 4.007770156860351562e+01
1.175000000000000000e+02 4.350000000000000000e+01
8.166666412353515625e+01 3.489348983764648438e+01
6.125000000000000000e+01 1.769710350036621094e+01
9.533333587646484375e+01 1.732692146301269531e+01
4.479999923706054688e+01 1.263961982727050781e+01
8.266666412353515625e+01 3.750851440429687500e+01
6.800000000000000000e+01 3.203123474121093750e+01
8.000000000000000000e+01 1.675310897827148438e+01
7.066666412353515625e+01 1.426728916168212891e+01
5.350000000000000000e+01 1.492481136322021484e+01
8.866666412353515625e+01 4.189935207366943359e+00
7.566666412353515625e+01 1.281492233276367188e+01
1.170000000000000000e+02 3.600000000000000000e+01
8.700000000000000000e+01 8.286535263061523438e+00
1.326666717529296875e+02 1.114639968872070312e+02
1.105000000000000000e+02 9.500000000000000000e+00
1.345000000000000000e+02 2.500000000000000000e+00
1.115000000000000000e+02 5.750000000000000000e+01
1.170000000000000000e+02 3.200000000000000000e+01
9.533333587646484375e+01 3.858612298965454102e+00
1.036666641235351562e+02 3.310924530029296875e+01
2.630000000000000000e+02 0.000000000000000000e+00
1.295000000000000000e+02 2.500000000000000000e+00
2.375000000000000000e+02 4.750000000000000000e+01
2.010000000000000000e+02 0.000000000000000000e+00
1.150000000000000000e+02 1.000000000000000000e+00
1.700000000000000000e+02 1.100000000000000000e+01
2.080000000000000000e+02 0.000000000000000000e+00
1.720000000000000000e+02 2.500000000000000000e+01
4.860000000000000000e+02 0.000000000000000000e+00
2.270000000000000000e+02 0.000000000000000000e+00
2.810000000000000000e+02 2.809709167480468750e+02
1.785000000000000000e+02 5.350000000000000000e+01
4.060000000000000000e+02 0.000000000000000000e+00
1.070000000000000000e+02 2.700000000000000000e+01
2.530000000000000000e+02 0.000000000000000000e+00
1.905000000000000000e+02 6.750000000000000000e+01
1.670000000000000000e+02 1.100000000000000000e+01
2.560000000000000000e+02 0.000000000000000000e+00
2.410000000000000000e+02 0.000000000000000000e+00
1.825000000000000000e+02 8.500000000000000000e+00
2.170000000000000000e+02 0.000000000000000000e+00
3.430000000000000000e+02 0.000000000000000000e+00
3.930000000000000000e+02 0.000000000000000000e+00
1.665000000000000000e+02 2.250000000000000000e+01
1.300000000000000000e+02 5.000000000000000000e+00
1.030000000000000000e+02 1.800000000000000000e+01
9.766666412353515625e+01 3.299831628799438477e+00
8.600000000000000000e+01 9.092121124267578125e+00
8.133333587646484375e+01 4.109609127044677734e+00
6.933333587646484375e+01 3.858612298965454102e+00
6.733333587646484375e+01 3.858612298965454102e+00
6.700000000000000000e+01 1.632993221282958984e+00
6.500000000000000000e+01 7.348469257354736328e+00
5.050000000000000000e+01 2.398436927795410156e+01
6.966666412353515625e+01 4.189935207366943359e+00
7.766666412353515625e+01 1.352364158630371094e+01
7.300000000000000000e+01 3.741657495498657227e+00
7.033333587646484375e+01 1.319932651519775391e+01
7.633333587646484375e+01 1.007747840881347656e+01
6.966666412353515625e+01 8.993824958801269531e+00
8.166666412353515625e+01 1.699673056602478027e+00
7.066666412353515625e+01 7.318166255950927734e+00
6.125000000000000000e+01 5.931905269622802734e+00
6.225000000000000000e+01 4.656983852386474609e+00
5.975000000000000000e+01 5.261891365051269531e+00
5.675000000000000000e+01 3.960744857788085938e+00
5.625000000000000000e+01 8.073877334594726562e+00
