9.085602760314941406e+00 5.097537517547607422e+00
1.274047183990478516e+01 8.537510871887207031e+00
1.892972946166992188e+01 1.215732097625732422e+01
2.528057479858398438e+01 1.480983924865722656e+01
2.934728050231933594e+01 1.707014465332031250e+01
3.934636688232421875e+01 1.933973312377929688e+01
4.449367141723632812e+01 2.038420486450195312e+01
5.240740585327148438e+01 1.848174095153808594e+01
4.980141830444335938e+01 2.040901565551757812e+01
5.255970001220703125e+01 2.062765502929687500e+01
5.092753601074218750e+01 1.926762008666992188e+01
5.352671813964843750e+01 2.166551017761230469e+01
5.357251739501953125e+01 2.185169792175292969e+01
5.693495941162109375e+01 2.560511016845703125e+01
5.800826263427734375e+01 2.073344993591308594e+01
5.865833282470703125e+01 1.969242477416992188e+01
6.819417572021484375e+01 3.007952499389648438e+01
7.629032135009765625e+01 2.976126670837402344e+01
7.531914520263671875e+01 2.748779869079589844e+01
9.044871520996093750e+01 3.518873596191406250e+01
9.671232604980468750e+01 3.135544395446777344e+01
1.003857116699218750e+02 3.414310073852539062e+01
9.129869842529296875e+01 3.289023971557617188e+01
9.471621704101562500e+01 2.944647979736328125e+01
8.359523773193359375e+01 2.961061477661132812e+01
9.339473724365234375e+01 3.155449867248535156e+01
9.151281738281250000e+01 2.934924125671386719e+01
9.253947448730468750e+01 3.309692764282226562e+01
8.556097412109375000e+01 3.127302742004394531e+01
9.145454406738281250e+01 2.842467689514160156e+01
9.502702331542968750e+01 3.653246307373046875e+01
1.007571411132812500e+02 3.679768371582031250e+01
9.765277862548828125e+01 3.224263763427734375e+01
1.284464263916015625e+02 4.533641052246093750e+01
1.180666656494140625e+02 4.420703887939453125e+01
1.237543869018554688e+02 5.078446960449218750e+01
1.418039245605468750e+02 6.187622451782226562e+01
1.390588226318359375e+02 6.083935928344726562e+01
1.474791717529296875e+02 6.119197463989257812e+01
1.562222290039062500e+02 6.903683471679687500e+01
1.482857208251953125e+02 5.713249969482421875e+01
1.458571472167968750e+02 6.296678924560546875e+01
1.343396301269531250e+02 5.867594146728515625e+01
1.337358551025390625e+02 5.561937713623046875e+01
1.409803924560546875e+02 6.280829620361328125e+01
1.628139495849609375e+02 8.120408630371093750e+01
1.732438964843750000e+02 8.515173339843750000e+01
1.540212707519531250e+02 7.049354553222656250e+01
1.441372528076171875e+02 6.759423828125000000e+01
1.536304321289062500e+02 7.734742736816406250e+01
1.393529357910156250e+02 7.699677276611328125e+01
1.547826080322265625e+02 6.842098999023437500e+01
1.563777770996093750e+02 6.296640396118164062e+01
1.627272796630859375e+02 7.124393463134765625e+01
1.473958282470703125e+02 6.199588012695312500e+01
1.478125000000000000e+02 7.055513763427734375e+01
1.899189147949218750e+02 1.099361953735351562e+02
2.187812500000000000e+02 9.343972778320312500e+01
5.554285888671875000e+02 2.925417480468750000e+02
7.198181762695312500e+02 3.209669494628906250e+02
6.435000000000000000e+02 3.688286437988281250e+02
3.776842041015625000e+02 2.419049530029296875e+02
2.392666625976562500e+02 1.783077697753906250e+02
2.427586212158203125e+02 1.387591857910156250e+02
3.531000061035156250e+02 2.686631469726562500e+02
5.096666564941406250e+02 3.315632934570312500e+02
4.788666687011718750e+02 2.671670837402343750e+02
5.764615478515625000e+02 3.423425292968750000e+02
7.605999755859375000e+02 3.074944763183593750e+02
6.401818237304687500e+02 3.153565979003906250e+02
7.010000000000000000e+02 2.838023986816406250e+02
5.055714416503906250e+02 3.129045410156250000e+02
4.479375000000000000e+02 2.761187438964843750e+02
3.518999938964843750e+02 2.208809356689453125e+02
2.825599975585937500e+02 1.467613220214843750e+02
2.390333404541015625e+02 1.439737396240234375e+02
2.108529357910156250e+02 1.190183181762695312e+02
1.817948760986328125e+02 1.264430923461914062e+02
2.650370483398437500e+02 2.212523956298828125e+02
3.760526428222656250e+02 2.501398620605468750e+02
6.793636474609375000e+02 3.106846923828125000e+02
8.006666870117187500e+02 3.002350769042968750e+02
9.621250000000000000e+02 1.002078323364257812e+02
9.431250000000000000e+02 1.504771118164062500e+02
1.000000000000000000e+03 0.000000000000000000e+00
1.000000000000000000e+03 0.000000000000000000e+00
1.000000000000000000e+03 0.000000000000000000e+00
8.833750000000000000e+02 3.085607299804687500e+02
1.000000000000000000e+03 0.000000000000000000e+00
1.000000000000000000e+03 0.000000000000000000e+00
1.000000000000000000e+03 0.000000000000000000e+00
1.000000000000000000e+03 0.000000000000000000e+00
1.000000000000000000e+03 0.000000000000000000e+00
1.000000000000000000e+03 0.000000000000000000e+00
1.000000000000000000e+03 0.000000000000000000e+00
1.000000000000000000e+03 0.000000000000000000e+00
9.217500000000000000e+02 2.070300445556640625e+02
1.000000000000000000e+03 0.000000000000000000e+00
4.237777709960937500e+02 2.176341400146484375e+02
5.586153564453125000e+02 2.853587646484375000e+02
