9.174311637878417969e+00 5.167992591857910156e+00
1.204191589355468750e+01 6.937577247619628906e+00
1.741304397583007812e+01 1.054880237579345703e+01
2.526250076293945312e+01 1.490657901763916016e+01
3.058015251159667969e+01 1.781497383117675781e+01
4.305376434326171875e+01 1.986316871643066406e+01
4.709411621093750000e+01 2.392174530029296875e+01
5.608333206176757812e+01 2.183699035644531250e+01
5.475675582885742188e+01 2.084486389160156250e+01
5.029999923706054688e+01 1.788183403015136719e+01
4.703488540649414062e+01 1.489142608642578125e+01
4.681395339965820312e+01 1.705702781677246094e+01
4.588636398315429688e+01 1.652644729614257812e+01
4.939024353027343750e+01 1.718107032775878906e+01
4.790476226806640625e+01 1.488657093048095703e+01
5.011249923706054688e+01 1.488706970214843750e+01
5.280519485473632812e+01 1.841515541076660156e+01
5.843478393554687500e+01 2.454246711730957031e+01
6.840677642822265625e+01 2.805510330200195312e+01
7.244642639160156250e+01 3.342631530761718750e+01
9.279545593261718750e+01 3.419501495361328125e+01
8.830434417724609375e+01 3.121375846862792969e+01
1.005749969482421875e+02 3.805974578857421875e+01
1.096216201782226562e+02 4.062973785400390625e+01
1.031025619506835938e+02 2.975265121459960938e+01
9.831707000732421875e+01 2.742033958435058594e+01
8.285713958740234375e+01 2.556145095825195312e+01
7.338182067871093750e+01 2.340589714050292969e+01
8.451020050048828125e+01 2.998647308349609375e+01
8.073999786376953125e+01 2.512433815002441406e+01
9.197727203369140625e+01 2.688484573364257812e+01
1.031794891357421875e+02 3.532912826538085938e+01
1.089189224243164062e+02 3.811035156250000000e+01
9.702381134033203125e+01 2.966759109497070312e+01
9.597618865966796875e+01 3.027295494079589844e+01
9.220454406738281250e+01 3.141118812561035156e+01
8.665957641601562500e+01 2.352117919921875000e+01
1.123611145019531250e+02 5.168610000610351562e+01
1.182941207885742188e+02 3.492136383056640625e+01
1.151999969482421875e+02 3.050882720947265625e+01
1.084864883422851562e+02 2.483961868286132812e+01
1.139444427490234375e+02 3.597911834716796875e+01
1.195588226318359375e+02 4.857631301879882812e+01
1.051538467407226562e+02 2.880752944946289062e+01
1.123611145019531250e+02 3.760921096801757812e+01
1.253939361572265625e+02 4.656239700317382812e+01
1.309032287597656250e+02 3.669873428344726562e+01
1.493928527832031250e+02 7.981735229492187500e+01
1.443214263916015625e+02 5.830464553833007812e+01
2.025000000000000000e+02 1.106727142333984375e+02
2.047500000000000000e+02 7.361853027343750000e+01
1.778260803222656250e+02 6.129235076904296875e+01
1.804782562255859375e+02 6.889682006835937500e+01
1.863181762695312500e+02 7.426389312744140625e+01
2.388888854980468750e+02 1.304355468750000000e+02
3.609166564941406250e+02 2.150928192138671875e+02
2.376470642089843750e+02 1.269677734375000000e+02
1.775652160644531250e+02 7.424918365478515625e+01
1.748695678710937500e+02 5.831422042846679688e+01
1.746521759033203125e+02 7.008169555664062500e+01
1.453214263916015625e+02 5.090821838378906250e+01
1.601199951171875000e+02 7.416863250732421875e+01
1.412068939208984375e+02 5.237028121948242188e+01
1.853636322021484375e+02 6.459492492675781250e+01
2.375294189453125000e+02 9.945978546142578125e+01
6.780000000000000000e+02 3.464115905761718750e+02
6.117142944335937500e+02 3.440883178710937500e+02
6.414285888671875000e+02 2.818833923339843750e+02
3.904166564941406250e+02 2.984056091308593750e+02
1.740434722900390625e+02 9.357743835449218750e+01
1.623928527832031250e+02 1.317254486083984375e+02
1.546153869628906250e+02 1.002178726196289062e+02
1.517037048339843750e+02 6.793669128417968750e+01
1.749166717529296875e+02 6.250994110107421875e+01
1.568076934814453125e+02 5.407119369506835938e+01
1.483703765869140625e+02 7.281032562255859375e+01
1.668750000000000000e+02 8.204791259765625000e+01
1.490370330810546875e+02 8.727668762207031250e+01
2.461111145019531250e+02 1.472476654052734375e+02
3.749090881347656250e+02 2.609884948730468750e+02
6.936666870117187500e+02 4.039714050292968750e+02
8.287999877929687500e+02 2.309280395507812500e+02
1.000000000000000000e+03 0.000000000000000000e+00
8.175999755859375000e+02 3.647999877929687500e+02
6.584285888671875000e+02 3.978707275390625000e+02
3.203076782226562500e+02 2.635574645996093750e+02
2.276111145019531250e+02 1.451409759521484375e+02
3.052857055664062500e+02 2.173037414550781250e+02
8.370000000000000000e+02 1.513803100585937500e+02
1.000000000000000000e+03 0.000000000000000000e+00
1.000000000000000000e+03 0.000000000000000000e+00
8.777999877929687500e+02 2.443999938964843750e+02
1.000000000000000000e+03 0.000000000000000000e+00
1.000000000000000000e+03 0.000000000000000000e+00
1.000000000000000000e+03 0.000000000000000000e+00
1.000000000000000000e+03 0.000000000000000000e+00
1.000000000000000000e+03 0.000000000000000000e+00
1.000000000000000000e+03 0.000000000000000000e+00
1.000000000000000000e+03 0.000000000000000000e+00
1.000000000000000000e+03 0.000000000000000000e+00
