8.285714149475097656e+00 3.891382217407226562e+00
1.269696998596191406e+01 6.626324176788330078e+00
1.773913002014160156e+01 1.304579734802246094e+01
2.512500000000000000e+01 1.237878704071044922e+01
2.871428489685058594e+01 1.494479560852050781e+01
3.450000000000000000e+01 1.420387268066406250e+01
6.085714340209960938e+01 2.288747978210449219e+01
4.455555725097656250e+01 1.939135742187500000e+01
5.714285659790039062e+01 1.306498718261718750e+01
5.971428680419921875e+01 1.148557186126708984e+01
5.912500000000000000e+01 1.168800163269042969e+01
5.437500000000000000e+01 7.192661285400390625e+00
4.655555725097656250e+01 1.422916507720947266e+01
5.011111068725585938e+01 1.452541446685791016e+01
5.714285659790039062e+01 1.148201847076416016e+01
4.209999847412109375e+01 9.585927009582519531e+00
5.000000000000000000e+01 2.027313423156738281e+01
5.212500000000000000e+01 1.344839668273925781e+01
5.757143020629882812e+01 2.430083656311035156e+01
5.112500000000000000e+01 5.577578067779541016e+00
6.128571319580078125e+01 1.723546409606933594e+01
5.000000000000000000e+01 1.879494667053222656e+01
5.000000000000000000e+01 9.962429046630859375e+00
4.500000000000000000e+01 4.737556934356689453e+00
2.921428489685058594e+01 1.400091171264648438e+01
4.579999923706054688e+01 1.888809013366699219e+01
3.230769348144531250e+01 1.096416950225830078e+01
2.857142829895019531e+01 1.215209674835205078e+01
3.781818008422851562e+01 1.392720127105712891e+01
2.826666641235351562e+01 1.282947921752929688e+01
4.655555725097656250e+01 1.245535278320312500e+01
4.090000152587890625e+01 1.119330120086669922e+01
5.600000000000000000e+01 1.125833034515380859e+01
6.014285659790039062e+01 1.655664253234863281e+01
6.414286041259765625e+01 1.199319553375244141e+01
6.314285659790039062e+01 1.235693550109863281e+01
6.185714340209960938e+01 1.090777683258056641e+01
6.542857360839843750e+01 8.191583633422851562e+00
6.328571319580078125e+01 6.407903194427490234e+00
5.728571319580078125e+01 1.218563842773437500e+01
6.614286041259765625e+01 7.317856311798095703e+00
6.733333587646484375e+01 1.273664951324462891e+01
7.383333587646484375e+01 1.795751190185546875e+01
6.783333587646484375e+01 2.852873802185058594e+00
6.471428680419921875e+01 1.486812782287597656e+01
6.685713958740234375e+01 1.382986927032470703e+01
6.900000000000000000e+01 9.574271202087402344e+00
7.016666412353515625e+01 1.775215148925781250e+01
5.900000000000000000e+01 2.672612380981445312e+01
8.900000000000000000e+01 2.864960670471191406e+01
8.780000305175781250e+01 2.358304595947265625e+01
6.171428680419921875e+01 2.429999542236328125e+01
8.359999847412109375e+01 3.912339401245117188e+01
6.683333587646484375e+01 1.710181999206542969e+01
8.380000305175781250e+01 7.626270294189453125e+00
7.833333587646484375e+01 1.670994377136230469e+01
8.540000152587890625e+01 1.635359382629394531e+01
8.200000000000000000e+01 3.070504760742187500e+01
9.280000305175781250e+01 8.795453071594238281e+00
1.247500000000000000e+02 3.462206649780273438e+01
1.380000000000000000e+02 2.477902412414550781e+01
1.433333282470703125e+02 2.524986267089843750e+01
1.530000000000000000e+02 1.710750198364257812e+01
1.410000000000000000e+02 3.159113883972167969e+01
1.403333282470703125e+02 5.255050277709960938e+01
1.830000000000000000e+02 8.339464569091796875e+01
1.055000000000000000e+02 1.171537494659423828e+01
9.440000152587890625e+01 7.116178989410400391e+00
9.140000152587890625e+01 1.678809165954589844e+01
7.683333587646484375e+01 5.669116973876953125e+00
7.683333587646484375e+01 9.511689186096191406e+00
7.550000000000000000e+01 8.361618041992187500e+00
6.950000000000000000e+01 8.301606178283691406e+00
7.033333587646484375e+01 6.920179843902587891e+00
7.416666412353515625e+01 3.337497472763061523e+00
6.457142639160156250e+01 6.565214633941650391e+00
6.900000000000000000e+01 4.760951995849609375e+00
6.485713958740234375e+01 7.827215671539306641e+00
6.750000000000000000e+01 6.130524635314941406e+00
6.916666412353515625e+01 1.028618240356445312e+01
6.800000000000000000e+01 4.281744480133056641e+00
7.116666412353515625e+01 4.139914035797119141e+00
7.800000000000000000e+01 8.082903861999511719e+00
7.566666412353515625e+01 3.858612298965454102e+00
8.680000305175781250e+01 6.493072986602783203e+00
1.050000000000000000e+02 1.680773544311523438e+01
1.075000000000000000e+02 2.811138534545898438e+01
2.285000000000000000e+02 8.950000000000000000e+01
1.726666717529296875e+02 9.809292793273925781e+00
2.130000000000000000e+02 3.500000000000000000e+01
2.075000000000000000e+02 4.650000000000000000e+01
1.496666717529296875e+02 3.382635498046875000e+01
1.467500000000000000e+02 4.069628524780273438e+01
1.836666717529296875e+02 5.738950729370117188e+01
1.540000000000000000e+02 9.802550506591796875e+01
1.503333282470703125e+02 1.600694274902343750e+01
1.733333282470703125e+02 2.085399055480957031e+01
1.546666717529296875e+02 3.235565948486328125e+01
2.935000000000000000e+02 1.350000000000000000e+01
2.120000000000000000e+02 1.176803588867187500e+02
