9.005395889282226562e+00 5.436187267303466797e+00
8.515306472778320312e+00 4.525224208831787109e+00
8.839222908020019531e+00 5.066757202148437500e+00
8.808098793029785156e+00 5.489439487457275391e+00
9.193015098571777344e+00 5.571845531463623047e+00
9.019820213317871094e+00 4.936494350433349609e+00
8.884547233581542969e+00 4.692591667175292969e+00
9.078040122985839844e+00 5.266688823699951172e+00
8.958854675292968750e+00 5.103237152099609375e+00
9.047016143798828125e+00 5.719288825988769531e+00
8.790861129760742188e+00 4.744826316833496094e+00
8.639032363891601562e+00 4.531516551971435547e+00
8.666090011596679688e+00 4.849384784698486328e+00
8.964158058166503906e+00 5.599104881286621094e+00
8.621993064880371094e+00 4.995330810546875000e+00
9.063405990600585938e+00 5.502433300018310547e+00
8.773684501647949219e+00 5.531061649322509766e+00
8.550427436828613281e+00 4.493634700775146484e+00
8.750000000000000000e+00 4.950674533843994141e+00
9.048824310302734375e+00 5.269874572753906250e+00
8.888099670410156250e+00 5.073868274688720703e+00
8.700869560241699219e+00 4.687921524047851562e+00
9.027027130126953125e+00 5.181497573852539062e+00
9.122039794921875000e+00 5.039520263671875000e+00
8.639032363891601562e+00 4.576646804809570312e+00
8.763572692871093750e+00 5.230766296386718750e+00
8.460236549377441406e+00 4.654349803924560547e+00
8.944543838500976562e+00 5.645344257354736328e+00
9.025225639343261719e+00 5.615879535675048828e+00
9.539047241210937500e+00 6.129468441009521484e+00
8.706087112426757812e+00 4.861442089080810547e+00
9.215469360351562500e+00 4.794446945190429688e+00
9.219152450561523438e+00 5.555168151855468750e+00
8.818342208862304688e+00 5.024506092071533203e+00
9.290740966796875000e+00 5.452039241790771484e+00
8.976660728454589844e+00 5.012138843536376953e+00
8.811619758605957031e+00 5.014564037322998047e+00
9.109289169311523438e+00 5.224895000457763672e+00
8.609293937683105469e+00 4.854564666748046875e+00
8.758318901062011719e+00 5.111822605133056641e+00
8.918004035949707031e+00 5.165052413940429688e+00
8.739965438842773438e+00 4.763930320739746094e+00
8.994604110717773438e+00 5.182806491851806641e+00
8.695652008056640625e+00 4.645659923553466797e+00
8.983841896057128906e+00 5.198890686035156250e+00
8.820105552673339844e+00 5.247599601745605469e+00
9.215469360351562500e+00 5.345139503479003906e+00
8.882978439331054688e+00 5.211872100830078125e+00
9.114753723144531250e+00 5.355447769165039062e+00
9.261111259460449219e+00 5.643446445465087891e+00
9.010791778564453125e+00 5.050453186035156250e+00
8.775438308715820312e+00 5.038667201995849609e+00
9.018017768859863281e+00 5.349382400512695312e+00
9.047016143798828125e+00 5.304946422576904297e+00
9.070652008056640625e+00 5.194102764129638672e+00
9.010810852050781250e+00 5.334223270416259766e+00
8.912655830383300781e+00 5.219379901885986328e+00
8.880994796752929688e+00 4.888277053833007812e+00
9.213627815246582031e+00 5.740428924560546875e+00
9.215073585510253906e+00 5.579280853271484375e+00
9.122039794921875000e+00 5.507210731506347656e+00
9.380149841308593750e+00 5.882403850555419922e+00
9.003597259521484375e+00 5.567440509796142578e+00
9.253234863281250000e+00 5.271256923675537109e+00
9.215469360351562500e+00 5.220336437225341797e+00
9.255083084106445312e+00 5.427866458892822266e+00
9.463137626647949219e+00 5.878017902374267578e+00
8.948122024536132812e+00 4.846018314361572266e+00
9.166666984558105469e+00 5.587110996246337891e+00
8.818342208862304688e+00 4.814053535461425781e+00
9.500948905944824219e+00 5.951057434082031250e+00
9.727626800537109375e+00 6.520226955413818359e+00
9.202205657958984375e+00 5.524969577789306641e+00
8.951699256896972656e+00 5.121719837188720703e+00
9.347663879394531250e+00 5.294563293457031250e+00
8.914438247680664062e+00 4.827486038208007812e+00
9.311688423156738281e+00 5.602417469024658203e+00
9.142335891723632812e+00 5.373104572296142578e+00
9.181651115417480469e+00 5.745523452758789062e+00
9.362616539001464844e+00 5.401912689208984375e+00
9.325884819030761719e+00 5.325874328613281250e+00
9.402256011962890625e+00 5.409876346588134766e+00
9.419173240661621094e+00 5.719233036041259766e+00
9.698259353637695312e+00 5.703663349151611328e+00
9.625000000000000000e+00 5.470880031585693359e+00
9.211786270141601562e+00 5.478678703308105469e+00
9.769531250000000000e+00 5.906299591064453125e+00
9.525713920593261719e+00 5.603893756866455078e+00
9.374531745910644531e+00 5.729072570800781250e+00
9.771484375000000000e+00 6.113232612609863281e+00
9.155392646789550781e+00 5.374084949493408203e+00
9.351402282714843750e+00 5.534587383270263672e+00
9.577437400817871094e+00 5.595958232879638672e+00
9.512333869934082031e+00 5.779252052307128906e+00
9.531428337097167969e+00 5.972433567047119141e+00
9.381308555603027344e+00 5.476579189300537109e+00
8.890070915222167969e+00 4.990271091461181641e+00
9.515209197998046875e+00 5.595248222351074219e+00
9.167882919311523438e+00 5.312592983245849609e+00
9.328358650207519531e+00 5.338226318359375000e+00
