9.557894706726074219e+00 5.234934806823730469e+00
1.125000000000000000e+01 7.225821971893310547e+00
1.720754623413085938e+01 9.760061264038085938e+00
2.370000076293945312e+01 1.084711933135986328e+01
2.850000000000000000e+01 1.393735980987548828e+01
4.404347991943359375e+01 2.218984794616699219e+01
5.027777862548828125e+01 1.684506416320800781e+01
4.295238113403320312e+01 2.290867424011230469e+01
5.850000000000000000e+01 2.395307922363281250e+01
4.836841964721679688e+01 1.830504798889160156e+01
6.507142639160156250e+01 2.605067634582519531e+01
5.300000000000000000e+01 1.726948928833007812e+01
5.768750000000000000e+01 2.078977775573730469e+01
5.517647171020507812e+01 2.698416709899902344e+01
5.435293960571289062e+01 1.173201370239257812e+01
6.671428680419921875e+01 2.788862800598144531e+01
6.033333206176757812e+01 1.759798049926757812e+01
7.633333587646484375e+01 1.792267417907714844e+01
6.485713958740234375e+01 1.678373908996582031e+01
8.309091186523437500e+01 1.507830810546875000e+01
1.011999969482421875e+02 3.973864364624023438e+01
7.875000000000000000e+01 2.976330184936523438e+01
8.275000000000000000e+01 1.983315849304199219e+01
9.259999847412109375e+01 3.042104721069335938e+01
9.090000152587890625e+01 2.321831130981445312e+01
1.128888854980468750e+02 3.933741378784179688e+01
1.004444427490234375e+02 4.402552795410156250e+01
9.150000000000000000e+01 2.622308158874511719e+01
1.170000000000000000e+02 5.891519165039062500e+01
7.858333587646484375e+01 2.496149826049804688e+01
7.900000000000000000e+01 2.051828384399414062e+01
6.053333282470703125e+01 1.115865325927734375e+01
5.564706039428710938e+01 1.043152046203613281e+01
6.006666564941406250e+01 1.664318275451660156e+01
6.871428680419921875e+01 1.267409420013427734e+01
8.400000000000000000e+01 3.805259704589843750e+01
1.160000000000000000e+02 4.651343917846679688e+01
9.850000000000000000e+01 1.889047431945800781e+01
1.025555572509765625e+02 2.640753746032714844e+01
9.219999694824218750e+01 2.398666191101074219e+01
8.781818389892578125e+01 1.916349792480468750e+01
7.584615325927734375e+01 1.511924934387207031e+01
8.116666412353515625e+01 2.031761741638183594e+01
8.909091186523437500e+01 2.347708511352539062e+01
1.035555572509765625e+02 2.695721244812011719e+01
1.440000000000000000e+02 4.256759262084960938e+01
1.335714263916015625e+02 5.815461349487304688e+01
1.615000000000000000e+02 4.932122421264648438e+01
1.595000000000000000e+02 3.585038375854492188e+01
1.141250000000000000e+02 3.490142440795898438e+01
1.131250000000000000e+02 2.579456138610839844e+01
1.105555572509765625e+02 1.911434173583984375e+01
9.719999694824218750e+01 2.334009361267089844e+01
1.131250000000000000e+02 1.513635921478271484e+01
1.227500000000000000e+02 4.381423950195312500e+01
1.242500000000000000e+02 3.246440505981445312e+01
2.141999969482421875e+02 8.630503845214843750e+01
1.810000000000000000e+02 3.195830535888671875e+01
1.095555572509765625e+02 1.435356044769287109e+01
8.763636016845703125e+01 1.393016815185546875e+01
9.650000000000000000e+01 2.474368667602539062e+01
9.059999847412109375e+01 1.728698921203613281e+01
8.445454406738281250e+01 2.877297973632812500e+01
9.540000152587890625e+01 8.014986038208007812e+00
9.180000305175781250e+01 2.771930694580078125e+01
8.183333587646484375e+01 4.974573898315429688e+01
1.000000000000000000e+02 4.328202056884765625e+01
9.730000305175781250e+01 3.352029037475585938e+01
1.012222213745117188e+02 5.655239105224609375e+01
1.530000000000000000e+02 7.015696716308593750e+01
2.270000000000000000e+02 1.161808929443359375e+02
2.003999938964843750e+02 1.265205154418945312e+02
2.462500000000000000e+02 1.448816375732421875e+02
1.640000000000000000e+02 6.832764434814453125e+01
1.137500000000000000e+02 7.049423980712890625e+01
1.160000000000000000e+02 6.556421661376953125e+01
1.530000000000000000e+02 8.868483734130859375e+01
1.312857208251953125e+02 8.720700073242187500e+01
1.978000030517578125e+02 1.253433609008789062e+02
3.570000000000000000e+02 2.452522583007812500e+02
1.000000000000000000e+03 0.000000000000000000e+00
3.366666564941406250e+02 2.959305419921875000e+02
7.180000000000000000e+02 1.100000000000000000e+02
7.660000000000000000e+02 2.340000000000000000e+02
1.000000000000000000e+03 0.000000000000000000e+00
1.000000000000000000e+03 0.000000000000000000e+00
3.713333435058593750e+02 3.013882446289062500e+02
3.050000000000000000e+02 2.448890991210937500e+02
8.033333587646484375e+01 7.095225524902343750e+01
6.842857360839843750e+01 2.569801139831542969e+01
5.637500000000000000e+01 1.307609939575195312e+01
5.094444274902343750e+01 1.100743293762207031e+01
4.600000000000000000e+01 9.016651153564453125e+00
4.021739196777343750e+01 1.178782176971435547e+01
4.236363601684570312e+01 9.167856216430664062e+00
5.529411697387695312e+01 1.462779235839843750e+01
5.341176605224609375e+01 8.670835494995117188e+00
6.386666488647460938e+01 1.338091468811035156e+01
9.490000152587890625e+01 5.892105102539062500e+01
1.007777786254882812e+02 5.226806259155273438e+01
