9.005395889282226562e+00 5.436187267303466797e+00
1.248762416839599609e+01 8.025783538818359375e+00
1.688926124572753906e+01 1.128391170501708984e+01
2.646560859680175781e+01 1.390196704864501953e+01
3.071165657043457031e+01 1.660391044616699219e+01
3.746268844604492188e+01 1.824773788452148438e+01
4.359130477905273438e+01 1.842535781860351562e+01
5.427957153320312500e+01 2.348889923095703125e+01
5.723863601684570312e+01 2.225318908691406250e+01
5.980952453613281250e+01 2.426661300659179688e+01
6.360759353637695312e+01 2.242817878723144531e+01
6.634210205078125000e+01 2.422295188903808594e+01
6.519230651855468750e+01 2.859489631652832031e+01
6.772972869873046875e+01 2.536559677124023438e+01
7.668181610107421875e+01 2.870706748962402344e+01
7.946875000000000000e+01 3.457960510253906250e+01
8.425000000000000000e+01 3.789838409423828125e+01
9.042857360839843750e+01 2.877241706848144531e+01
8.698275756835937500e+01 3.525547027587890625e+01
9.460377502441406250e+01 2.757312011718750000e+01
9.611320495605468750e+01 3.498337173461914062e+01
9.467924499511718750e+01 3.019294929504394531e+01
9.803921508789062500e+01 2.975123023986816406e+01
9.098181915283203125e+01 2.689473915100097656e+01
9.663461303710937500e+01 2.833591651916503906e+01
9.709615325927734375e+01 3.596219253540039062e+01
9.707691955566406250e+01 3.275071716308593750e+01
1.003000030517578125e+02 3.221754074096679688e+01
1.029795913696289062e+02 3.301235961914062500e+01
1.070638275146484375e+02 3.832970428466796875e+01
1.090000000000000000e+02 3.760665893554687500e+01
1.293846130371093750e+02 6.145818710327148438e+01
1.345526275634765625e+02 4.046096038818359375e+01
1.416111145019531250e+02 4.117596054077148438e+01
1.463142852783203125e+02 5.063751983642578125e+01
1.725172424316406250e+02 5.471910858154296875e+01
1.509117584228515625e+02 3.905378341674804688e+01
1.282051239013671875e+02 5.290105819702148438e+01
1.238780517578125000e+02 3.693315887451171875e+01
1.289487152099609375e+02 4.768322372436523438e+01
1.513823547363281250e+02 7.173439788818359375e+01
1.417777709960937500e+02 6.090525817871093750e+01
1.756896514892578125e+02 7.495014953613281250e+01
1.609687500000000000e+02 6.718746185302734375e+01
1.564687500000000000e+02 7.999608612060546875e+01
1.390270233154296875e+02 6.790075683593750000e+01
1.631935424804687500e+02 8.611074066162109375e+01
1.391388854980468750e+02 6.038080596923828125e+01
1.490882415771484375e+02 5.666535568237304688e+01
1.360000000000000000e+02 7.087216949462890625e+01
1.109565200805664062e+02 5.964276504516601562e+01
9.532075500488281250e+01 4.614937973022460938e+01
7.252173614501953125e+01 3.753553009033203125e+01
7.633333587646484375e+01 3.888964080810546875e+01
6.663157653808593750e+01 2.779002189636230469e+01
6.502597045898437500e+01 2.460174942016601562e+01
6.446154022216796875e+01 3.606037902832031250e+01
7.420587921142578125e+01 3.526728057861328125e+01
9.615093994140625000e+01 5.564218521118164062e+01
1.177272720336914062e+02 6.635180664062500000e+01
1.229761886596679688e+02 5.804821395874023438e+01
1.481176452636718750e+02 6.882534027099609375e+01
2.687500000000000000e+02 1.173072357177734375e+02
3.329411621093750000e+02 2.246148223876953125e+02
3.519333190917968750e+02 2.494729003906250000e+02
2.938333435058593750e+02 1.794498596191406250e+02
3.138125000000000000e+02 1.176170806884765625e+02
5.310999755859375000e+02 2.232579040527343750e+02
9.028333129882812500e+02 2.172712860107421875e+02
8.628333129882812500e+02 3.067139892578125000e+02
9.021666870117187500e+02 2.187619781494140625e+02
8.527142944335937500e+02 2.569022521972656250e+02
7.007500000000000000e+02 3.014418334960937500e+02
8.562857055664062500e+02 3.005446166992187500e+02
7.294285888671875000e+02 2.500524749755859375e+02
6.508750000000000000e+02 3.971701049804687500e+02
8.151428833007812500e+02 2.953963012695312500e+02
1.000000000000000000e+03 0.000000000000000000e+00
9.128333129882812500e+02 1.262859344482421875e+02
1.000000000000000000e+03 0.000000000000000000e+00
9.535000000000000000e+02 1.039771575927734375e+02
1.000000000000000000e+03 0.000000000000000000e+00
1.000000000000000000e+03 0.000000000000000000e+00
5.772222290039062500e+02 3.091029357910156250e+02
4.534166564941406250e+02 2.444713592529296875e+02
5.245454711914062500e+02 3.298978881835937500e+02
7.000000000000000000e+02 2.389236297607421875e+02
1.000000000000000000e+03 0.000000000000000000e+00
9.148333129882812500e+02 1.904384613037109375e+02
1.000000000000000000e+03 0.000000000000000000e+00
1.000000000000000000e+03 0.000000000000000000e+00
1.000000000000000000e+03 0.000000000000000000e+00
1.000000000000000000e+03 0.000000000000000000e+00
1.000000000000000000e+03 0.000000000000000000e+00
1.000000000000000000e+03 0.000000000000000000e+00
8.885000000000000000e+02 2.493215789794921875e+02
1.000000000000000000e+03 0.000000000000000000e+00
9.228333129882812500e+02 1.725499267578125000e+02
1.000000000000000000e+03 0.000000000000000000e+00
1.000000000000000000e+03 0.000000000000000000e+00
