1.003999996185302734e+01 8.937471389770507812e+00
6.810811042785644531e+00 1.641321778297424316e+00
3.182353019714355469e+01 1.307100677490234375e+01
1.022449016571044922e+01 3.732183933258056641e+00
1.381081104278564453e+01 6.137337684631347656e+00
2.112500000000000000e+01 1.337694644927978516e+01
2.034615325927734375e+01 1.033270549774169922e+01
2.554999923706054688e+01 1.222078132629394531e+01
1.885714340209960938e+01 1.196934795379638672e+01
3.023529434204101562e+01 2.391782379150390625e+01
1.923077011108398438e+01 1.196568012237548828e+01
2.794736862182617188e+01 1.887486267089843750e+01
3.546666717529296875e+01 1.647165870666503906e+01
4.333333206176757812e+01 1.463633155822753906e+01
5.459999847412109375e+01 1.672842025756835938e+01
7.714286041259765625e+01 2.143047714233398438e+01
5.911111068725585938e+01 2.708195114135742188e+01
1.055999984741210938e+02 5.867401504516601562e+01
1.435000000000000000e+02 5.175664138793945312e+01
1.783333282470703125e+02 6.239836120605468750e+01
1.683333282470703125e+02 6.114645385742187500e+01
3.215000000000000000e+02 4.500000000000000000e+00
3.315000000000000000e+02 2.350000000000000000e+01
2.805000000000000000e+02 2.550000000000000000e+01
2.163333282470703125e+02 7.385721588134765625e+01
3.645000000000000000e+02 3.750000000000000000e+01
4.480000000000000000e+02 6.000000000000000000e+00
4.160000000000000000e+02 7.700000000000000000e+01
4.685000000000000000e+02 3.150000000000000000e+01
2.805000000000000000e+02 2.550000000000000000e+01
1.776666717529296875e+02 1.885618090629577637e+00
1.055999984741210938e+02 4.454211711883544922e+00
7.828571319580078125e+01 3.194382905960083008e+00
5.855555725097656250e+01 2.753224611282348633e+00
4.618181991577148438e+01 1.799908041954040527e+00
3.094117736816406250e+01 9.631263732910156250e+00
3.312500000000000000e+01 3.515590190887451172e+00
3.131250000000000000e+01 1.637726593017578125e+01
4.763636398315429688e+01 1.149919152259826660e+00
5.200000000000000000e+01 1.843908905982971191e+00
5.588888931274414062e+01 2.845833063125610352e+00
6.512500000000000000e+01 7.131576061248779297e+00
8.900000000000000000e+01 1.311487674713134766e+01
1.105999984741210938e+02 2.796140098571777344e+01
1.010000000000000000e+02 1.781011009216308594e+01
9.566666412353515625e+01 1.410279750823974609e+01
1.044000015258789062e+02 3.641757965087890625e+01
1.078000030517578125e+02 7.603262329101562500e+01
1.274000015258789062e+02 4.794413375854492188e+01
9.216666412353515625e+01 3.494956970214843750e+01
5.550000000000000000e+01 1.534438037872314453e+01
5.755555725097656250e+01 3.215625381469726562e+01
3.800000000000000000e+01 5.952190399169921875e+00
4.161538314819335938e+01 2.646869182586669922e+00
4.954545593261718750e+01 6.199173450469970703e+00
7.300000000000000000e+01 8.141603469848632812e+00
9.216666412353515625e+01 6.256107807159423828e+00
1.028000030517578125e+02 5.979966640472412109e+00
1.094000015258789062e+02 1.369087219238281250e+01
1.215999984741210938e+02 2.537400245666503906e+01
1.120000000000000000e+02 1.236122989654541016e+01
9.366666412353515625e+01 9.213517189025878906e+00
8.700000000000000000e+01 5.773502349853515625e+00
8.433333587646484375e+01 3.197221040725708008e+00
7.585713958740234375e+01 3.979539394378662109e+00
6.812500000000000000e+01 4.371427059173583984e+00
5.733333206176757812e+01 2.867441892623901367e+00
4.425000000000000000e+01 2.126225233078002930e+00
4.358333206176757812e+01 1.255543231964111328e+00
3.633333206176757812e+01 1.056198596954345703e+01
3.231250000000000000e+01 1.274617004394531250e+01
4.053845977783203125e+01 1.018003559112548828e+01
5.570000076293945312e+01 3.318131923675537109e+00
6.412500000000000000e+01 3.443744421005249023e+00
7.500000000000000000e+01 3.964124917984008789e+00
1.000000000000000000e+02 1.077032947540283203e+01
1.194000015258789062e+02 1.190965938568115234e+01
1.706666717529296875e+02 4.642796039581298828e+00
1.370000000000000000e+02 3.421257019042968750e+01
1.184000015258789062e+02 1.087382221221923828e+01
9.800000000000000000e+01 1.640122032165527344e+01
6.437500000000000000e+01 1.477275753021240234e+01
5.009999847412109375e+01 7.381733894348144531e+00
4.333333206176757812e+01 2.211083173751831055e+00
4.146154022216796875e+01 4.049983024597167969e+00
3.953845977783203125e+01 2.170267105102539062e+00
3.162500000000000000e+01 9.353308677673339844e+00
2.547619056701660156e+01 7.853534221649169922e+00
2.023999977111816406e+01 4.990230560302734375e+00
1.391666698455810547e+01 5.964594364166259766e+00
9.716980934143066406e+00 5.543574810028076172e+00
7.953845977783203125e+00 4.760190010070800781e+00
1.625806427001953125e+01 4.536360263824462891e+00
2.079999923706054688e+01 4.204759120941162109e+00
2.400000000000000000e+01 5.740416526794433594e+00
3.459999847412109375e+01 3.791218042373657227e+00
3.757143020629882812e+01 2.795769214630126953e+00
4.169230651855468750e+01 1.855744361877441406e+00
4.225000000000000000e+01 2.005201578140258789e+00
4.300000000000000000e+01 2.236068010330200195e+00
