1.003999996185302734e+01 8.937471389770507812e+00
9.942307472229003906e+00 7.370453834533691406e+00
1.184090900421142578e+01 7.003061771392822266e+00
1.138636398315429688e+01 7.283904552459716797e+00
1.086956501007080078e+01 6.992569446563720703e+00
1.026530647277832031e+01 6.320602893829345703e+00
1.214285755157470703e+01 6.881899833679199219e+00
1.236585330963134766e+01 6.687287330627441406e+00
1.364864826202392578e+01 8.935856819152832031e+00
1.457142829895019531e+01 9.040497779846191406e+00
1.792857170104980469e+01 1.079328060150146484e+01
1.859259223937988281e+01 9.757273674011230469e+00
1.616129112243652344e+01 1.019834613800048828e+01
1.942307662963867188e+01 1.365839576721191406e+01
1.645161247253417969e+01 9.076160430908203125e+00
2.095999908447265625e+01 9.660144805908203125e+00
2.504545402526855469e+01 1.391361999511718750e+01
2.422727203369140625e+01 1.354766559600830078e+01
2.838888931274414062e+01 1.286312103271484375e+01
3.141176414489746094e+01 1.477302360534667969e+01
3.518750000000000000e+01 2.155869483947753906e+01
2.736842155456542969e+01 1.675586318969726562e+01
3.375000000000000000e+01 2.009819602966308594e+01
3.500000000000000000e+01 1.755372619628906250e+01
4.266666793823242188e+01 1.920214080810546875e+01
3.513333511352539062e+01 1.259559059143066406e+01
4.554545593261718750e+01 2.729756546020507812e+01
5.279999923706054688e+01 2.155365371704101562e+01
5.588888931274414062e+01 2.217328071594238281e+01
5.340000152587890625e+01 1.526564788818359375e+01
4.350000000000000000e+01 1.752379417419433594e+01
4.836363601684570312e+01 2.014616012573242188e+01
4.827272796630859375e+01 1.021666049957275391e+01
5.379999923706054688e+01 2.050755882263183594e+01
5.320000076293945312e+01 2.525391006469726562e+01
6.912500000000000000e+01 2.538915824890136719e+01
6.744444274902343750e+01 3.334037017822265625e+01
6.262500000000000000e+01 2.692553329467773438e+01
7.271428680419921875e+01 3.322096633911132812e+01
6.325000000000000000e+01 2.305292892456054688e+01
4.690909194946289062e+01 2.186094284057617188e+01
7.325000000000000000e+01 2.754428291320800781e+01
7.300000000000000000e+01 3.807886505126953125e+01
5.777777862548828125e+01 2.223999404907226562e+01
1.020000000000000000e+02 2.520317459106445312e+01
6.962500000000000000e+01 4.543935012817382812e+01
7.500000000000000000e+01 3.198437118530273438e+01
5.977777862548828125e+01 2.130611610412597656e+01
7.385713958740234375e+01 3.551831817626953125e+01
8.883333587646484375e+01 3.700187683105468750e+01
9.933333587646484375e+01 6.952616882324218750e+01
7.257142639160156250e+01 3.183375167846679688e+01
7.442857360839843750e+01 2.398128700256347656e+01
1.044000015258789062e+02 4.408900070190429688e+01
7.714286041259765625e+01 2.765826416015625000e+01
8.228571319580078125e+01 3.666338729858398438e+01
7.814286041259765625e+01 2.568728828430175781e+01
1.055999984741210938e+02 2.930255889892578125e+01
8.666666412353515625e+01 5.856525039672851562e+01
6.362500000000000000e+01 2.422776031494140625e+01
8.042857360839843750e+01 2.800437164306640625e+01
8.328571319580078125e+01 3.120766639709472656e+01
7.428571319580078125e+01 2.288302230834960938e+01
7.514286041259765625e+01 2.660520172119140625e+01
8.833333587646484375e+01 3.246365356445312500e+01
6.088888931274414062e+01 2.537910079956054688e+01
1.011666641235351562e+02 3.504005813598632812e+01
9.883333587646484375e+01 2.321936416625976562e+01
8.850000000000000000e+01 2.887761497497558594e+01
7.542857360839843750e+01 3.004690170288085938e+01
8.057142639160156250e+01 3.312253189086914062e+01
9.500000000000000000e+01 3.068115615844726562e+01
1.008000030517578125e+02 4.897918319702148438e+01
7.771428680419921875e+01 2.401615142822265625e+01
8.400000000000000000e+01 3.204906845092773438e+01
7.242857360839843750e+01 2.650529479980468750e+01
6.388888931274414062e+01 2.364292144775390625e+01
5.677777862548828125e+01 1.880766868591308594e+01
7.528571319580078125e+01 6.631250000000000000e+01
8.071428680419921875e+01 2.251167488098144531e+01
8.314286041259765625e+01 5.428609085083007812e+01
7.357142639160156250e+01 2.359695625305175781e+01
1.006666641235351562e+02 3.386574554443359375e+01
9.000000000000000000e+01 2.474536895751953125e+01
8.271428680419921875e+01 2.291421508789062500e+01
7.985713958740234375e+01 1.368449115753173828e+01
1.311999969482421875e+02 2.708061981201171875e+01
1.040000000000000000e+02 5.241373825073242188e+01
9.250000000000000000e+01 6.095011520385742188e+01
8.866666412353515625e+01 4.329228591918945312e+01
8.328571319580078125e+01 1.906166076660156250e+01
7.771428680419921875e+01 2.380704689025878906e+01
8.883333587646484375e+01 3.426084518432617188e+01
1.064000015258789062e+02 3.874325942993164062e+01
8.400000000000000000e+01 2.830783081054687500e+01
8.916666412353515625e+01 3.291107559204101562e+01
7.342857360839843750e+01 2.769660758972167969e+01
1.340000000000000000e+02 5.152087020874023438e+01
9.042857360839843750e+01 3.955414962768554688e+01
8.471428680419921875e+01 5.461740493774414062e+01
