1.003999996185302734e+01 8.937471389770507812e+00
1.169767475128173828e+01 8.065241813659667969e+00
2.179166603088378906e+01 1.190230751037597656e+01
3.671428680419921875e+01 1.322567081451416016e+01
3.268750000000000000e+01 1.374190139770507812e+01
4.627272796630859375e+01 2.200037574768066406e+01
3.678571319580078125e+01 1.969110870361328125e+01
5.588888931274414062e+01 2.079232978820800781e+01
5.588888931274414062e+01 1.143527221679687500e+01
5.279999923706054688e+01 1.417603588104248047e+01
7.214286041259765625e+01 2.840738677978515625e+01
5.900000000000000000e+01 1.513641643524169922e+01
7.328571319580078125e+01 2.595993804931640625e+01
5.290909194946289062e+01 3.073776054382324219e+01
1.075000000000000000e+02 4.331570053100585938e+01
1.290000000000000000e+02 3.180408859252929688e+01
7.500000000000000000e+01 3.403779220581054688e+01
1.060000000000000000e+02 3.637031936645507812e+01
9.400000000000000000e+01 4.660165786743164062e+01
5.733333206176757812e+01 6.000000000000000000e+00
5.320000076293945312e+01 1.378259754180908203e+01
4.645454406738281250e+01 9.670608520507812500e+00
4.618181991577148438e+01 1.623026466369628906e+01
4.466666793823242188e+01 1.544524383544921875e+01
4.325000000000000000e+01 6.881436347961425781e+00
5.788888931274414062e+01 1.499958801269531250e+01
5.911111068725585938e+01 5.300827026367187500e+00
9.450000000000000000e+01 1.496384525299072266e+01
1.104000015258789062e+02 1.190965938568115234e+01
1.447500000000000000e+02 5.907357788085937500e+01
1.185999984741210938e+02 3.061110877990722656e+01
9.166666412353515625e+01 7.781744956970214844e+00
7.714286041259765625e+01 1.136949062347412109e+01
6.575000000000000000e+01 1.701286315917968750e+01
6.675000000000000000e+01 5.717298507690429688e+00
5.677777862548828125e+01 5.244632720947265625e+00
5.309999847412109375e+01 4.570557594299316406e+00
5.822222137451171875e+01 3.764683246612548828e+00
5.470000076293945312e+01 3.348133802413940430e+00
5.229999923706054688e+01 1.590628719329833984e+01
5.911111068725585938e+01 2.078698635101318359e+00
6.244444274902343750e+01 6.751314163208007812e+00
6.275000000000000000e+01 4.115519523620605469e+00
6.987500000000000000e+01 3.756244897842407227e+00
6.562500000000000000e+01 6.744210243225097656e+00
7.025000000000000000e+01 4.710361003875732422e+00
7.225000000000000000e+01 1.329238510131835938e+01
9.450000000000000000e+01 9.776673316955566406e+00
1.064000015258789062e+02 1.292439556121826172e+01
1.582500000000000000e+02 2.332782745361328125e+01
2.493333282470703125e+02 1.390835113525390625e+02
2.810000000000000000e+02 1.100000000000000000e+01
2.560000000000000000e+02 8.000000000000000000e+00
2.500000000000000000e+02 6.000000000000000000e+00
1.966666717529296875e+02 2.179194450378417969e+01
1.745000000000000000e+02 5.393746566772460938e+01
2.580000000000000000e+02 2.000000000000000000e+01
2.303333282470703125e+02 1.600006866455078125e+02
2.880000000000000000e+02 1.453707885742187500e+02
8.800000000000000000e+02 0.000000000000000000e+00
3.225000000000000000e+02 1.675000000000000000e+02
1.125999984741210938e+02 4.621514892578125000e+01
1.051999969482421875e+02 3.108954620361328125e+01
1.460000000000000000e+02 5.786190414428710938e+01
1.261999969482421875e+02 5.619750976562500000e+01
3.183333435058593750e+02 1.788282775878906250e+02
1.000000000000000000e+03 0.000000000000000000e+00
8.970000000000000000e+02 0.000000000000000000e+00
8.720000000000000000e+02 0.000000000000000000e+00
1.000000000000000000e+03 0.000000000000000000e+00
3.520000000000000000e+02 1.470000000000000000e+02
5.705000000000000000e+02 4.295000000000000000e+02
1.000000000000000000e+03 0.000000000000000000e+00
1.786666717529296875e+02 1.276305389404296875e+02
1.231999969482421875e+02 5.479561996459960938e+01
6.300000000000000000e+01 3.727264404296875000e+01
4.709090805053710938e+01 6.487113952636718750e+00
4.191666793823242188e+01 1.046787452697753906e+01
4.241666793823242188e+01 2.752524375915527344e+00
4.425000000000000000e+01 3.112474918365478516e+00
4.275000000000000000e+01 2.711856603622436523e+00
4.450000000000000000e+01 3.013856887817382812e+00
5.140000152587890625e+01 3.979949951171875000e+00
8.666666412353515625e+01 3.541970443725585938e+01
7.940000000000000000e+02 0.000000000000000000e+00
1.000000000000000000e+03 0.000000000000000000e+00
1.000000000000000000e+03 0.000000000000000000e+00
1.000000000000000000e+03 0.000000000000000000e+00
1.000000000000000000e+03 0.000000000000000000e+00
1.000000000000000000e+03 0.000000000000000000e+00
1.000000000000000000e+03 0.000000000000000000e+00
8.300000000000000000e+02 0.000000000000000000e+00
1.000000000000000000e+03 0.000000000000000000e+00
1.000000000000000000e+03 0.000000000000000000e+00
1.000000000000000000e+03 0.000000000000000000e+00
1.000000000000000000e+03 0.000000000000000000e+00
1.000000000000000000e+03 0.000000000000000000e+00
1.000000000000000000e+03 0.000000000000000000e+00
1.000000000000000000e+03 0.000000000000000000e+00
1.000000000000000000e+03 0.000000000000000000e+00
