9.214723587036132812e+00 5.179883480072021484e+00
1.261554622650146484e+01 8.022112846374511719e+00
1.777514839172363281e+01 1.124247455596923828e+01
2.340310096740722656e+01 1.431187534332275391e+01
3.364804458618164062e+01 1.906660461425781250e+01
3.714197540283203125e+01 1.805781745910644531e+01
4.393430709838867188e+01 2.031007957458496094e+01
5.100847625732421875e+01 2.324537467956542969e+01
5.181896591186523438e+01 2.022869110107421875e+01
5.751428604125976562e+01 2.373990631103515625e+01
5.451351165771484375e+01 2.044499015808105469e+01
5.992079162597656250e+01 2.376063919067382812e+01
5.631775665283203125e+01 2.056519126892089844e+01
5.813461685180664062e+01 2.075037574768066406e+01
6.047000122070312500e+01 2.587409973144531250e+01
6.332631683349609375e+01 2.534371948242187500e+01
6.607691955566406250e+01 2.624451065063476562e+01
7.701281738281250000e+01 3.148727798461914062e+01
7.096470642089843750e+01 2.859100914001464844e+01
7.518750000000000000e+01 2.566811943054199219e+01
8.337837982177734375e+01 3.676686859130859375e+01
8.757971191406250000e+01 2.939604949951171875e+01
1.037413787841796875e+02 4.168418502807617188e+01
1.063684234619140625e+02 3.722319030761718750e+01
1.091999969482421875e+02 4.332221984863281250e+01
9.736508178710937500e+01 4.123001861572265625e+01
9.886885070800781250e+01 3.855950546264648438e+01
9.796774291992187500e+01 3.758473205566406250e+01
1.092909088134765625e+02 4.080716323852539062e+01
1.155094375610351562e+02 3.290444946289062500e+01
1.292916717529296875e+02 4.136572647094726562e+01
1.334222259521484375e+02 5.440036392211914062e+01
1.201600036621093750e+02 4.523996734619140625e+01
1.326739196777343750e+02 5.131320953369140625e+01
1.345555572509765625e+02 5.543827819824218750e+01
1.373409118652343750e+02 4.999451828002929688e+01
1.385000000000000000e+02 5.571334838867187500e+01
1.405348815917968750e+02 5.729862976074218750e+01
1.414883728027343750e+02 6.369891738891601562e+01
1.217843170166015625e+02 4.859730911254882812e+01
1.308478240966796875e+02 7.091390228271484375e+01
1.293750000000000000e+02 4.743927001953125000e+01
1.432142791748046875e+02 7.839993286132812500e+01
1.532438964843750000e+02 6.309914016723632812e+01
1.609210510253906250e+02 6.451332092285156250e+01
2.143999938964843750e+02 1.034032821655273438e+02
1.780000000000000000e+02 5.683774566650390625e+01
1.805882415771484375e+02 8.562129974365234375e+01
1.761714324951171875e+02 7.870069122314453125e+01
1.716285705566406250e+02 7.173008728027343750e+01
2.012580718994140625e+02 1.124902801513671875e+02
2.887272644042968750e+02 1.481299133300781250e+02
4.753076782226562500e+02 2.285877685546875000e+02
6.049000244140625000e+02 2.809457092285156250e+02
5.369166870117187500e+02 2.816908874511718750e+02
5.777500000000000000e+02 2.654920349121093750e+02
5.819091186523437500e+02 3.050518493652343750e+02
5.133333129882812500e+02 3.090734252929687500e+02
4.448571472167968750e+02 2.630132751464843750e+02
4.505714416503906250e+02 2.935491638183593750e+02
2.912857055664062500e+02 1.940243377685546875e+02
4.133750000000000000e+02 2.538387451171875000e+02
2.727727355957031250e+02 2.259949645996093750e+02
2.607083435058593750e+02 1.919818725585937500e+02
2.808636474609375000e+02 2.194541473388671875e+02
1.716571502685546875e+02 9.827481842041015625e+01
1.879375000000000000e+02 1.107812957763671875e+02
2.118620758056640625e+02 1.142932510375976562e+02
4.902307739257812500e+02 2.465656890869140625e+02
4.287333374023437500e+02 3.132499389648437500e+02
3.909411621093750000e+02 2.588695983886718750e+02
2.607500000000000000e+02 1.284258117675781250e+02
3.946250000000000000e+02 2.366389312744140625e+02
5.517272949218750000e+02 3.354695739746093750e+02
6.500000000000000000e+02 3.271519470214843750e+02
2.113793029785156250e+02 9.224271392822265625e+01
2.149285736083984375e+02 1.551070861816406250e+02
2.441851806640625000e+02 1.550844573974609375e+02
5.522500000000000000e+02 3.587271423339843750e+02
7.385555419921875000e+02 3.739920349121093750e+02
7.511250000000000000e+02 2.976497192382812500e+02
9.035714111328125000e+02 2.362007904052734375e+02
8.964285888671875000e+02 1.861273345947265625e+02
6.477000122070312500e+02 3.213011169433593750e+02
4.407142944335937500e+02 3.341674804687500000e+02
6.157999877929687500e+02 3.333121032714843750e+02
9.208571166992187500e+02 1.537116241455078125e+02
9.508571166992187500e+02 1.203749237060546875e+02
9.030000000000000000e+02 2.376005096435546875e+02
1.000000000000000000e+03 0.000000000000000000e+00
1.000000000000000000e+03 0.000000000000000000e+00
1.000000000000000000e+03 0.000000000000000000e+00
8.206250000000000000e+02 2.728602905273437500e+02
7.268889160156250000e+02 3.096512145996093750e+02
5.800908813476562500e+02 3.426542053222656250e+02
3.003636474609375000e+02 2.086246185302734375e+02
2.764545593261718750e+02 2.155368957519531250e+02
5.348333129882812500e+02 3.449001770019531250e+02
7.651250000000000000e+02 2.389740753173828125e+02
7.786250000000000000e+02 1.988403472900390625e+02
