9.142857551574707031e+00 4.497370719909667969e+00
1.129032230377197266e+01 8.085005760192871094e+00
1.555555534362792969e+01 1.080237674713134766e+01
2.364516067504882812e+01 1.572043704986572266e+01
3.847368240356445312e+01 1.736411476135253906e+01
2.966666603088378906e+01 1.613140487670898438e+01
3.784210586547851562e+01 1.838266754150390625e+01
5.684615325927734375e+01 3.316125488281250000e+01
5.950000000000000000e+01 2.104162597656250000e+01
5.064285659790039062e+01 1.688451194763183594e+01
5.000000000000000000e+01 2.193822479248046875e+01
5.385714340209960938e+01 2.477284622192382812e+01
4.906666564941406250e+01 1.758206176757812500e+01
5.035714340209960938e+01 1.941136169433593750e+01
5.021428680419921875e+01 1.227179336547851562e+01
5.569230651855468750e+01 1.572056198120117188e+01
5.035714340209960938e+01 2.404937362670898438e+01
5.423077011108398438e+01 2.840680503845214844e+01
5.975000000000000000e+01 2.517976951599121094e+01
5.866666793823242188e+01 2.370067787170410156e+01
7.350000000000000000e+01 2.257985877990722656e+01
6.436363983154296875e+01 1.538164615631103516e+01
8.533333587646484375e+01 2.250925636291503906e+01
1.064285736083984375e+02 3.845166778564453125e+01
8.388888549804687500e+01 2.392323303222656250e+01
9.412500000000000000e+01 2.833918380737304688e+01
9.387500000000000000e+01 2.988911819458007812e+01
9.637500000000000000e+01 2.767642211914062500e+01
1.097142868041992188e+02 4.464371490478515625e+01
8.875000000000000000e+01 2.149273109436035156e+01
1.091428604125976562e+02 2.353373527526855469e+01
7.730000305175781250e+01 1.150695419311523438e+01
7.350000000000000000e+01 4.352068710327148438e+01
6.116666793823242188e+01 1.377699279785156250e+01
6.183333206176757812e+01 1.738214302062988281e+01
5.930769348144531250e+01 1.130272006988525391e+01
7.330000305175781250e+01 1.551805305480957031e+01
9.350000000000000000e+01 2.719834518432617188e+01
1.025714263916015625e+02 4.076713180541992188e+01
8.855555725097656250e+01 2.136513710021972656e+01
1.046250000000000000e+02 3.219059371948242188e+01
9.112500000000000000e+01 5.187349319458007812e+01
9.500000000000000000e+01 3.852596664428710938e+01
1.091250000000000000e+02 3.161264610290527344e+01
1.698000030517578125e+02 5.180502319335937500e+01
1.333333282470703125e+02 3.935169219970703125e+01
1.486000061035156250e+02 7.671662139892578125e+01
1.646000061035156250e+02 2.349978828430175781e+01
1.251666641235351562e+02 5.278073120117187500e+01
1.666000061035156250e+02 5.765622329711914062e+01
1.623999938964843750e+02 4.751673126220703125e+01
1.343333282470703125e+02 3.987340927124023438e+01
1.052857131958007812e+02 1.504957771301269531e+01
9.225000000000000000e+01 1.788679695129394531e+01
8.166666412353515625e+01 7.393691539764404297e+00
7.833333587646484375e+01 1.643167686462402344e+01
7.888888549804687500e+01 7.062332630157470703e+00
8.333333587646484375e+01 1.166190338134765625e+01
9.275000000000000000e+01 1.299759578704833984e+01
1.072857131958007812e+02 2.696937179565429688e+01
1.508000030517578125e+02 2.708061981201171875e+01
1.901999969482421875e+02 9.399446868896484375e+01
3.136666564941406250e+02 8.090048980712890625e+01
2.385000000000000000e+02 1.477252502441406250e+02
1.910000000000000000e+02 7.501666259765625000e+01
1.431999969482421875e+02 3.172002601623535156e+01
1.381666717529296875e+02 5.529140090942382812e+01
1.810000000000000000e+02 2.785677719116210938e+01
1.835000000000000000e+02 5.217518615722656250e+01
2.767500000000000000e+02 1.373760833740234375e+02
5.900000000000000000e+02 3.310000000000000000e+02
5.390000000000000000e+02 1.620000000000000000e+02
1.942500000000000000e+02 1.059017791748046875e+02
1.520000000000000000e+02 4.710414123535156250e+01
9.077777862548828125e+01 4.528619766235351562e+01
1.255000000000000000e+02 5.422407150268554688e+01
1.048571395874023438e+02 6.936328125000000000e+01
7.018181610107421875e+01 1.646935462951660156e+01
9.537500000000000000e+01 3.754975891113281250e+01
8.812500000000000000e+01 3.748478698730468750e+01
7.319999694824218750e+01 3.394643020629882812e+01
7.090000152587890625e+01 3.177562141418457031e+01
5.307143020629882812e+01 1.487790489196777344e+01
5.950000000000000000e+01 1.870605850219726562e+01
5.135714340209960938e+01 1.239589309692382812e+01
6.308333206176757812e+01 2.263646888732910156e+01
7.350000000000000000e+01 2.886953353881835938e+01
8.088888549804687500e+01 1.582153511047363281e+01
1.168333358764648438e+02 4.848510360717773438e+01
1.546000061035156250e+02 6.486170196533203125e+01
1.101428604125976562e+02 3.206880187988281250e+01
8.766666412353515625e+01 1.977091026306152344e+01
8.211111450195312500e+01 7.593044281005859375e+00
8.533333587646484375e+01 1.663997840881347656e+01
7.911111450195312500e+01 1.316936111450195312e+01
7.172727203369140625e+01 1.108718299865722656e+01
7.359999847412109375e+01 9.178235054016113281e+00
8.411111450195312500e+01 1.755907058715820312e+01
8.825000000000000000e+01 1.116635608673095703e+01
9.612500000000000000e+01 1.848267745971679688e+01
