9.453488349914550781e+00 4.961847782135009766e+00
1.183823490142822266e+01 7.253012180328369141e+00
1.845454597473144531e+01 1.032748889923095703e+01
3.040740776062011719e+01 1.750610160827636719e+01
2.917857170104980469e+01 1.313407039642333984e+01
3.279999923706054688e+01 1.256025409698486328e+01
4.758823394775390625e+01 1.869903564453125000e+01
5.553333282470703125e+01 1.488115882873535156e+01
5.387500000000000000e+01 2.946581649780273438e+01
5.562500000000000000e+01 1.807579612731933594e+01
5.586666488647460938e+01 1.711867141723632812e+01
5.400000000000000000e+01 2.226207542419433594e+01
5.520000076293945312e+01 1.473408699035644531e+01
5.750000000000000000e+01 2.604048919677734375e+01
6.384615325927734375e+01 1.876513290405273438e+01
5.506250000000000000e+01 1.625372505187988281e+01
5.479999923706054688e+01 2.015010452270507812e+01
5.742856979370117188e+01 1.783541488647460938e+01
6.438461303710937500e+01 2.379896163940429688e+01
7.809091186523437500e+01 1.874447441101074219e+01
8.154545593261718750e+01 3.338035202026367188e+01
7.627272796630859375e+01 1.940520668029785156e+01
9.159999847412109375e+01 2.619618415832519531e+01
1.030000000000000000e+02 2.787023544311523438e+01
1.247142868041992188e+02 3.377959823608398438e+01
9.611111450195312500e+01 3.011992454528808594e+01
8.259999847412109375e+01 2.217295646667480469e+01
9.800000000000000000e+01 3.904697799682617188e+01
7.900000000000000000e+01 2.877814865112304688e+01
8.350000000000000000e+01 2.924123764038085938e+01
9.633333587646484375e+01 1.338323974609375000e+01
1.152500000000000000e+02 3.146724510192871094e+01
1.215714263916015625e+02 5.469880294799804688e+01
1.010000000000000000e+02 2.958462524414062500e+01
1.000000000000000000e+02 5.004997634887695312e+01
9.644444274902343750e+01 3.507804489135742188e+01
9.766666412353515625e+01 2.422579002380371094e+01
1.121250000000000000e+02 3.424703598022460938e+01
1.047500000000000000e+02 2.420614624023437500e+01
8.409999847412109375e+01 2.048633766174316406e+01
8.955555725097656250e+01 2.314740753173828125e+01
8.081818389892578125e+01 2.297753143310546875e+01
9.488888549804687500e+01 3.365988159179687500e+01
1.041250000000000000e+02 2.941699218750000000e+01
7.481818389892578125e+01 2.802212715148925781e+01
8.419999694824218750e+01 2.139999961853027344e+01
1.003333358764648438e+02 4.866894912719726562e+01
1.137500000000000000e+02 2.786911392211914062e+01
1.234285736083984375e+02 3.184272575378417969e+01
1.391666717529296875e+02 3.540441131591796875e+01
1.224285736083984375e+02 3.835867309570312500e+01
2.028000030517578125e+02 1.586548614501953125e+02
1.338333282470703125e+02 5.098501968383789062e+01
1.660000000000000000e+02 4.543566894531250000e+01
2.278333282470703125e+02 1.769740295410156250e+02
2.075000000000000000e+02 1.048343963623046875e+02
1.274285736083984375e+02 3.363185882568359375e+01
1.711999969482421875e+02 5.533678436279296875e+01
2.025000000000000000e+02 1.225897598266601562e+02
1.294285736083984375e+02 3.780346298217773438e+01
1.170000000000000000e+02 3.722134399414062500e+01
1.436666717529296875e+02 3.327494812011718750e+01
1.318571472167968750e+02 3.994434738159179688e+01
1.164285736083984375e+02 8.477509307861328125e+01
1.340000000000000000e+02 6.410147857666015625e+01
1.215714263916015625e+02 1.882139396667480469e+01
9.655555725097656250e+01 3.102010536193847656e+01
8.966666412353515625e+01 3.954182052612304688e+01
8.319999694824218750e+01 3.580726242065429688e+01
9.577777862548828125e+01 2.387829208374023438e+01
8.509999847412109375e+01 3.825558853149414062e+01
1.045000000000000000e+02 5.410406494140625000e+01
1.415714263916015625e+02 4.548110198974609375e+01
2.092500000000000000e+02 5.426497650146484375e+01
2.238000030517578125e+02 1.856560363769531250e+02
3.960000000000000000e+02 1.301716766357421875e+02
3.117500000000000000e+02 1.559621276855468750e+02
3.652500000000000000e+02 1.985325927734375000e+02
4.395000000000000000e+02 3.765000000000000000e+02
3.586666564941406250e+02 7.966736602783203125e+01
1.461666717529296875e+02 4.780661392211914062e+01
1.051250000000000000e+02 3.475427246093750000e+01
1.066250000000000000e+02 2.054834175109863281e+01
9.477777862548828125e+01 2.664489936828613281e+01
8.650000000000000000e+01 1.627421379089355469e+01
1.071250000000000000e+02 2.380355834960937500e+01
1.380000000000000000e+02 3.243968963623046875e+01
1.000000000000000000e+03 0.000000000000000000e+00
2.770000000000000000e+02 7.541883087158203125e+01
1.445000000000000000e+02 3.358943176269531250e+01
1.528333282470703125e+02 9.275849914550781250e+01
1.515000000000000000e+02 2.832401847839355469e+01
1.555000000000000000e+02 3.690415573120117188e+01
2.850000000000000000e+02 7.544976043701171875e+01
4.810000000000000000e+02 1.994993743896484375e+02
4.555000000000000000e+02 4.050000000000000000e+01
5.430000000000000000e+02 4.570000000000000000e+02
3.193333435058593750e+02 1.169966735839843750e+02
5.195000000000000000e+02 1.415000000000000000e+02
1.000000000000000000e+03 0.000000000000000000e+00
