9.005395889282226562e+00 5.436187267303466797e+00
8.732984542846679688e+00 4.839509010314941406e+00
8.624784469604492188e+00 4.811811923980712891e+00
8.756567001342773438e+00 5.012272834777832031e+00
9.059782981872558594e+00 5.022238254547119141e+00
8.603093147277832031e+00 4.673408508300781250e+00
9.208103179931640625e+00 5.364689826965332031e+00
9.041516304016113281e+00 5.125508785247802734e+00
9.578244209289550781e+00 5.591670513153076172e+00
9.735921859741210938e+00 6.329172134399414062e+00
9.333954811096191406e+00 5.419564723968505859e+00
9.380149841308593750e+00 6.026755332946777344e+00
9.330224037170410156e+00 5.185109138488769531e+00
9.243542671203613281e+00 5.579325675964355469e+00
9.301115036010742188e+00 5.236279487609863281e+00
9.754385948181152344e+00 5.840480327606201172e+00
9.862204551696777344e+00 6.118313789367675781e+00
9.604206085205078125e+00 5.408913612365722656e+00
1.010505008697509766e+01 5.859385490417480469e+00
9.861932754516601562e+00 5.867763042449951172e+00
9.954455375671386719e+00 5.789706230163574219e+00
1.003406810760498047e+01 6.023071765899658203e+00
1.039500999450683594e+01 6.502669811248779297e+00
1.083116912841796875e+01 6.746625423431396484e+00
1.035817813873291016e+01 6.238369464874267578e+00
1.058016872406005859e+01 6.384556293487548828e+00
1.060970497131347656e+01 7.008252143859863281e+00
1.085466384887695312e+01 6.871814250946044922e+00
1.036438941955566406e+01 6.207233905792236328e+00
1.136363601684570312e+01 7.166179656982421875e+00
1.075268840789794922e+01 6.180885791778564453e+00
1.088528156280517578e+01 6.190154075622558594e+00
1.143507957458496094e+01 7.364864349365234375e+00
1.064255332946777344e+01 6.316804409027099609e+00
1.143280220031738281e+01 6.886613368988037109e+00
1.121973133087158203e+01 6.665699005126953125e+00
1.099120903015136719e+01 7.342479705810546875e+00
1.159027767181396484e+01 6.756766319274902344e+00
1.116926479339599609e+01 6.679279327392578125e+00
1.219999980926513672e+01 7.977345943450927734e+00
1.147706413269042969e+01 7.015835285186767578e+00
1.175352096557617188e+01 7.123511314392089844e+00
1.164883708953857422e+01 7.060531139373779297e+00
1.202877712249755859e+01 7.812499523162841797e+00
1.140318870544433594e+01 7.394456386566162109e+00
1.199520397186279297e+01 7.808558940887451172e+00
1.275826930999755859e+01 8.172758102416992188e+00
1.260201549530029297e+01 8.274435997009277344e+00
1.243781089782714844e+01 8.198857307434082031e+00
1.182742309570312500e+01 7.006312847137451172e+00
1.251371574401855469e+01 7.775877952575683594e+00
1.328647232055664062e+01 8.768321037292480469e+00
1.254887199401855469e+01 8.316543579101562500e+00
1.323544979095458984e+01 8.670640945434570312e+00
1.285347080230712891e+01 7.623979568481445312e+00
1.305454540252685547e+01 8.362851142883300781e+00
1.268354415893554688e+01 7.843314647674560547e+00
1.336074256896972656e+01 9.124389648437500000e+00
1.351212978363037109e+01 9.283306121826171875e+00
1.380440807342529297e+01 8.529500007629394531e+00
1.379338836669921875e+01 8.264815330505371094e+00
1.378846168518066406e+01 9.111144065856933594e+00
1.334840393066406250e+01 8.388720512390136719e+00
1.399441337585449219e+01 8.444691658020019531e+00
1.543518543243408203e+01 9.613140106201171875e+00
1.453623199462890625e+01 9.356358528137207031e+00
1.375274753570556641e+01 8.454101562500000000e+00
1.409577465057373047e+01 8.970804214477539062e+00
1.415819168090820312e+01 8.203130722045898438e+00
1.429142856597900391e+01 9.513940811157226562e+00
1.436781597137451172e+01 8.940563201904296875e+00
1.603525733947753906e+01 1.093814373016357422e+01
1.523030281066894531e+01 1.000916290283203125e+01
1.480530929565429688e+01 8.919362068176269531e+00
1.549225997924804688e+01 9.960717201232910156e+00
1.540184020996093750e+01 1.025298976898193359e+01
1.743205642700195312e+01 1.139111900329589844e+01
1.500598812103271484e+01 9.166129112243652344e+00
1.525609779357910156e+01 1.006359100341796875e+01
1.639542388916015625e+01 1.092235660552978516e+01
1.587301540374755859e+01 1.049155712127685547e+01
1.608653831481933594e+01 9.907369613647460938e+00
1.747038269042968750e+01 1.219206047058105469e+01
1.734948158264160156e+01 1.088945770263671875e+01
1.658278083801269531e+01 1.034174823760986328e+01
1.651485061645507812e+01 9.916097640991210938e+00
1.663455200195312500e+01 1.125361537933349609e+01
1.773404312133789062e+01 1.103171730041503906e+01
1.686868667602539062e+01 1.106513977050781250e+01
1.736458396911621094e+01 1.068662166595458984e+01
1.728178787231445312e+01 1.213765430450439453e+01
1.712671279907226562e+01 1.057755279541015625e+01
1.911068725585937500e+01 1.258464336395263672e+01
1.813357353210449219e+01 1.126382923126220703e+01
1.695593261718750000e+01 1.014144515991210938e+01
1.858518600463867188e+01 1.164816665649414062e+01
1.846494483947753906e+01 1.204441642761230469e+01
1.659933853149414062e+01 1.067808914184570312e+01
1.845018386840820312e+01 1.254233837127685547e+01
1.914122200012207031e+01 1.271618747711181641e+01
