9.005395889282226562e+00 5.436187267303466797e+00
9.172161102294921875e+00 5.398720264434814453e+00
9.652509689331054688e+00 5.851352214813232422e+00
1.106637191772460938e+01 7.062303543090820312e+00
1.152534580230712891e+01 7.417475700378417969e+00
1.295103073120117188e+01 8.194490432739257812e+00
1.319788932800292969e+01 8.518512725830078125e+00
1.585443019866943359e+01 1.031302738189697266e+01
1.650825119018554688e+01 1.120992660522460938e+01
1.653465270996093750e+01 1.017428779602050781e+01
1.868283653259277344e+01 1.237233924865722656e+01
1.878651618957519531e+01 1.115616607666015625e+01
2.133617019653320312e+01 1.394982624053955078e+01
2.147435951232910156e+01 1.357353305816650391e+01
2.394258308410644531e+01 1.427201747894287109e+01
2.358962249755859375e+01 1.402512836456298828e+01
2.827527999877929688e+01 1.631286621093750000e+01
2.978571510314941406e+01 1.602235794067382812e+01
2.976785659790039062e+01 1.800395774841308594e+01
3.100617218017578125e+01 1.820408821105957031e+01
3.420408248901367188e+01 2.118976020812988281e+01
3.420408248901367188e+01 1.822121810913085938e+01
3.592856979370117188e+01 1.906329536437988281e+01
4.137190246582031250e+01 1.992595100402832031e+01
4.288034057617187500e+01 1.964216804504394531e+01
4.305128097534179688e+01 2.199216842651367188e+01
4.373913192749023438e+01 1.974757385253906250e+01
4.352173995971679688e+01 1.957031631469726562e+01
4.839422988891601562e+01 2.028376579284667969e+01
5.219791793823242188e+01 2.430861473083496094e+01
5.195876312255859375e+01 1.937312316894531250e+01
5.376343917846679688e+01 2.282678985595703125e+01
6.381012725830078125e+01 2.517537307739257812e+01
5.745454406738281250e+01 2.851272010803222656e+01
6.022618865966796875e+01 2.064516258239746094e+01
6.345000076293945312e+01 2.524425888061523438e+01
6.726667022705078125e+01 3.209292221069335938e+01
6.522077941894531250e+01 3.474606704711914062e+01
6.507691955566406250e+01 2.919332885742187500e+01
6.763513183593750000e+01 3.087007522583007812e+01
6.961111450195312500e+01 3.385120773315429688e+01
7.198571777343750000e+01 3.295559310913085938e+01
6.995833587646484375e+01 2.876361274719238281e+01
7.860937500000000000e+01 3.539050674438476562e+01
7.391176605224609375e+01 2.918588256835937500e+01
7.505970001220703125e+01 4.067045593261718750e+01
7.716922760009765625e+01 3.669859313964843750e+01
8.187096405029296875e+01 3.239747238159179688e+01
7.104225158691406250e+01 3.294444274902343750e+01
7.976190185546875000e+01 4.106429672241210938e+01
7.644776153564453125e+01 3.298994827270507812e+01
8.350000000000000000e+01 4.019349288940429688e+01
7.482089233398437500e+01 3.505003738403320312e+01
7.619696807861328125e+01 3.421599197387695312e+01
7.385294342041015625e+01 3.382579421997070312e+01
8.129032135009765625e+01 3.605479049682617188e+01
7.448529052734375000e+01 2.401194190979003906e+01
7.861538696289062500e+01 2.926783180236816406e+01
8.378333282470703125e+01 3.572398376464843750e+01
7.577272796630859375e+01 2.706378364562988281e+01
8.513558959960937500e+01 4.013302612304687500e+01
7.656060791015625000e+01 2.580940055847167969e+01
8.318032836914062500e+01 4.030763244628906250e+01
7.940625000000000000e+01 3.751279449462890625e+01
8.239344024658203125e+01 4.566136169433593750e+01
8.446666717529296875e+01 3.444970703125000000e+01
7.862500000000000000e+01 3.292866516113281250e+01
8.254098510742187500e+01 3.504122924804687500e+01
8.206557464599609375e+01 4.010922241210937500e+01
8.634482574462890625e+01 3.219153594970703125e+01
8.346666717529296875e+01 3.290970611572265625e+01
8.092063140869140625e+01 3.200510787963867188e+01
8.313114929199218750e+01 4.589491653442382812e+01
7.815384674072265625e+01 2.984020614624023438e+01
1.010196075439453125e+02 5.033943176269531250e+01
9.898039245605468750e+01 4.236650848388671875e+01
9.156363677978515625e+01 3.732206726074218750e+01
9.301851654052734375e+01 4.287513732910156250e+01
9.615384674072265625e+01 3.186593627929687500e+01
9.870587921142578125e+01 4.391002273559570312e+01
1.022200012207031250e+02 4.431130218505859375e+01
9.967308044433593750e+01 4.052906036376953125e+01
8.987500000000000000e+01 4.093159103393554688e+01
9.001786041259765625e+01 3.114338302612304688e+01
8.980357360839843750e+01 3.752923583984375000e+01
1.006200027465820312e+02 2.884017372131347656e+01
1.010999984741210938e+02 3.835114288330078125e+01
9.642308044433593750e+01 4.033052825927734375e+01
1.073404235839843750e+02 4.646997451782226562e+01
9.642308044433593750e+01 4.253520584106445312e+01
9.524528503417968750e+01 2.523991012573242188e+01
1.012399978637695312e+02 5.002501678466796875e+01
9.880392456054687500e+01 4.265319442749023438e+01
9.488679504394531250e+01 4.011758804321289062e+01
9.866666412353515625e+01 3.705146026611328125e+01
9.644230651855468750e+01 4.013267135620117188e+01
9.458490753173828125e+01 4.064593124389648438e+01
1.021224517822265625e+02 5.266902160644531250e+01
1.065531921386718750e+02 4.093160629272460938e+01
9.878431701660156250e+01 4.173694992065429688e+01
