9.005395889282226562e+00 5.436187267303466797e+00
8.996402740478515625e+00 5.148512363433837891e+00
9.194852828979492188e+00 5.479129314422607422e+00
9.505702972412109375e+00 5.632517337799072266e+00
1.027720737457275391e+01 5.974548339843750000e+00
1.069444465637207031e+01 6.487875938415527344e+00
1.061228847503662109e+01 6.357973575592041016e+00
1.093668079376220703e+01 6.766079902648925781e+00
1.186729812622070312e+01 7.227280139923095703e+00
1.217031669616699219e+01 7.899933815002441406e+00
1.240099048614501953e+01 8.102841377258300781e+00
1.285347080230712891e+01 8.095612525939941406e+00
1.289433002471923828e+01 7.946773529052734375e+00
1.405322170257568359e+01 9.382920265197753906e+00
1.376373672485351562e+01 8.388519287109375000e+00
1.474117660522460938e+01 9.965414047241210938e+00
1.604153442382812500e+01 1.019685840606689453e+01
1.673244094848632812e+01 1.093865394592285156e+01
1.642950820922851562e+01 1.128683185577392578e+01
1.729310417175292969e+01 1.209760379791259766e+01
1.882330894470214844e+01 1.199697589874267578e+01
2.078008270263671875e+01 1.404163074493408203e+01
2.073140525817871094e+01 1.390307998657226562e+01
2.171861457824707031e+01 1.354816818237304688e+01
2.052653121948242188e+01 1.181508541107177734e+01
2.345794486999511719e+01 1.402419853210449219e+01
2.317592620849609375e+01 1.511794853210449219e+01
2.306451606750488281e+01 1.559526920318603516e+01
2.403809547424316406e+01 1.398837852478027344e+01
2.378199005126953125e+01 1.384168624877929688e+01
2.682887649536132812e+01 1.670097541809082031e+01
2.646031761169433594e+01 1.589631652832031250e+01
2.828491592407226562e+01 1.760213088989257812e+01
2.734782600402832031e+01 1.516570472717285156e+01
3.203184890747070312e+01 1.922127914428710938e+01
2.908139610290527344e+01 1.558563327789306641e+01
3.186624145507812500e+01 2.106650161743164062e+01
3.408000183105468750e+01 2.085905647277832031e+01
3.348344421386718750e+01 1.776179885864257812e+01
3.357046890258789062e+01 1.693543052673339844e+01
3.549645233154296875e+01 1.787927436828613281e+01
3.639130401611328125e+01 2.079452133178710938e+01
3.579999923706054688e+01 1.730821418762207031e+01
3.633333206176757812e+01 2.024034309387207031e+01
3.584999847412109375e+01 1.745890045166015625e+01
3.916406250000000000e+01 2.235570907592773438e+01
3.911718750000000000e+01 1.980120658874511719e+01
4.203333282470703125e+01 2.026694107055664062e+01
4.159504318237304688e+01 2.034478759765625000e+01
4.572727203369140625e+01 2.273879623413085938e+01
4.342241287231445312e+01 1.930970382690429688e+01
4.271186447143554688e+01 2.175873184204101562e+01
4.507207107543945312e+01 2.241167259216308594e+01
4.749056625366210938e+01 2.139001846313476562e+01
4.637036895751953125e+01 2.181385421752929688e+01
5.116326522827148438e+01 2.680644607543945312e+01
4.812500000000000000e+01 2.638971519470214844e+01
4.959405899047851562e+01 2.490026855468750000e+01
5.481521606445312500e+01 2.680522537231445312e+01
5.263158035278320312e+01 2.638103485107421875e+01
5.827586364746093750e+01 3.230625152587890625e+01
5.478260803222656250e+01 2.572886657714843750e+01
5.568888854980468750e+01 2.327260971069335938e+01
5.578888702392578125e+01 2.830959510803222656e+01
5.907058715820312500e+01 3.050160598754882812e+01
6.237036895751953125e+01 3.304222869873046875e+01
5.905882263183593750e+01 2.805639457702636719e+01
6.110975646972656250e+01 2.657984161376953125e+01
6.160975646972656250e+01 2.630438995361328125e+01
6.198765563964843750e+01 2.994665908813476562e+01
6.771621704101562500e+01 3.394690704345703125e+01
6.821621704101562500e+01 3.287908554077148438e+01
6.455128479003906250e+01 3.345400619506835938e+01
5.968235397338867188e+01 2.690165519714355469e+01
6.905479431152343750e+01 3.733847045898437500e+01
6.787837982177734375e+01 2.896220779418945312e+01
7.084722137451171875e+01 2.849203681945800781e+01
7.439705657958984375e+01 3.143019294738769531e+01
7.169013977050781250e+01 2.816930389404296875e+01
6.960273742675781250e+01 3.365609359741210938e+01
7.567163848876953125e+01 3.309389495849609375e+01
6.789189147949218750e+01 2.973875999450683594e+01
7.666666412353515625e+01 4.146679306030273438e+01
7.269565582275390625e+01 3.432255935668945312e+01
7.252173614501953125e+01 3.716263198852539062e+01
7.397058868408203125e+01 3.353574371337890625e+01
8.090476226806640625e+01 3.311869812011718750e+01
8.321311187744140625e+01 3.812194061279296875e+01
8.129032135009765625e+01 3.735763931274414062e+01
8.140322875976562500e+01 3.718283462524414062e+01
7.700000000000000000e+01 2.955256080627441406e+01
7.743077087402343750e+01 3.528432846069335938e+01
7.621212005615234375e+01 2.920124244689941406e+01
8.000000000000000000e+01 3.247318649291992188e+01
7.595522308349609375e+01 3.747215270996093750e+01
7.191428375244140625e+01 3.095792007446289062e+01
8.304917907714843750e+01 4.917397308349609375e+01
7.627272796630859375e+01 3.477004241943359375e+01
8.260655975341796875e+01 3.932682418823242188e+01
8.252458953857421875e+01 3.415327453613281250e+01
