9.183673858642578125e+00 5.158600807189941406e+00
1.271610164642333984e+01 8.249459266662597656e+00
1.770923423767089844e+01 1.065045356750488281e+01
2.287563514709472656e+01 1.273399353027343750e+01
3.166315841674804688e+01 1.624069595336914062e+01
3.737759399414062500e+01 1.865794372558593750e+01
4.572588729858398438e+01 1.985418891906738281e+01
5.545121765136718750e+01 2.353702354431152344e+01
5.622360229492187500e+01 2.261697769165039062e+01
5.614906692504882812e+01 2.154763984680175781e+01
5.654375076293945312e+01 1.968338394165039062e+01
5.421686935424804688e+01 2.164947891235351562e+01
5.560493850708007812e+01 2.047954750061035156e+01
5.224712753295898438e+01 1.963494110107421875e+01
5.336094665527343750e+01 2.039361000061035156e+01
5.859740447998046875e+01 2.361144256591796875e+01
6.452143096923828125e+01 2.497383308410644531e+01
6.937692260742187500e+01 2.988059997558593750e+01
7.608403015136718750e+01 2.965305900573730469e+01
7.984210205078125000e+01 2.875381660461425781e+01
7.908772277832031250e+01 3.020443916320800781e+01
9.133333587646484375e+01 3.809822463989257812e+01
8.939604187011718750e+01 3.349185562133789062e+01
8.770874023437500000e+01 2.784967613220214844e+01
9.149494934082031250e+01 3.414360046386718750e+01
8.936274719238281250e+01 2.944911956787109375e+01
8.268807220458984375e+01 3.134879112243652344e+01
8.945544433593750000e+01 3.158158302307128906e+01
8.487850189208984375e+01 2.662572288513183594e+01
9.317525482177734375e+01 3.439551925659179688e+01
9.426041412353515625e+01 3.125941276550292969e+01
1.065647048950195312e+02 2.843628501892089844e+01
1.156538467407226562e+02 4.632904052734375000e+01
1.156582260131835938e+02 4.136985778808593750e+01
1.252876739501953125e+02 4.520652389526367188e+01
1.405692291259765625e+02 4.569058990478515625e+01
1.396153869628906250e+02 4.239183425903320312e+01
1.568620758056640625e+02 6.799022674560546875e+01
1.635178527832031250e+02 6.568621063232421875e+01
1.638928527832031250e+02 6.347628402709960938e+01
1.757500000000000000e+02 8.373490142822265625e+01
1.791568603515625000e+02 7.088277435302734375e+01
1.813800048828125000e+02 7.788116455078125000e+01
1.880833282470703125e+02 8.450168609619140625e+01
2.178571472167968750e+02 1.198943099975585938e+02
2.225365905761718750e+02 1.027447891235351562e+02
2.515789489746093750e+02 1.637293395996093750e+02
2.411578979492187500e+02 1.170749969482421875e+02
1.975869598388671875e+02 1.113052215576171875e+02
2.152142791748046875e+02 9.969705200195312500e+01
1.989782562255859375e+02 1.000301055908203125e+02
2.496216278076171875e+02 1.298453063964843750e+02
2.762424316406250000e+02 1.303984527587890625e+02
2.687941284179687500e+02 1.593157806396484375e+02
1.983695678710937500e+02 6.969073486328125000e+01
2.243170776367187500e+02 1.062701187133789062e+02
2.621388854980468750e+02 1.274515457153320312e+02
4.917368469238281250e+02 2.512771301269531250e+02
8.415454711914062500e+02 3.120024414062500000e+02
6.667857055664062500e+02 3.591573791503906250e+02
8.927272949218750000e+02 2.190550384521484375e+02
7.790833129882812500e+02 3.169880371093750000e+02
7.065384521484375000e+02 3.367933654785156250e+02
3.839166564941406250e+02 2.612404785156250000e+02
2.219756164550781250e+02 1.598779144287109375e+02
2.533055572509765625e+02 2.006331481933593750e+02
5.047222290039062500e+02 3.287933959960937500e+02
7.052142944335937500e+02 3.461218261718750000e+02
6.754285888671875000e+02 3.302799072265625000e+02
7.864166870117187500e+02 2.691791381835937500e+02
7.663846435546875000e+02 3.180678710937500000e+02
7.701666870117187500e+02 2.573674011230468750e+02
8.110000000000000000e+02 2.617323608398437500e+02
5.136110839843750000e+02 2.977771301269531250e+02
4.761578979492187500e+02 3.088505554199218750e+02
4.929473571777343750e+02 3.444790954589843750e+02
7.411538696289062500e+02 3.559636535644531250e+02
8.781818237304687500e+02 2.428350830078125000e+02
9.095000000000000000e+02 1.810233459472656250e+02
7.103846435546875000e+02 3.456775817871093750e+02
7.494615478515625000e+02 3.437965698242187500e+02
3.032666625976562500e+02 1.862607269287109375e+02
1.594561462402343750e+02 1.018444061279296875e+02
1.142025299072265625e+02 7.436948394775390625e+01
2.000444488525390625e+02 1.594714965820312500e+02
6.760000000000000000e+02 3.769384155273437500e+02
1.000000000000000000e+03 0.000000000000000000e+00
1.000000000000000000e+03 0.000000000000000000e+00
1.000000000000000000e+03 0.000000000000000000e+00
1.000000000000000000e+03 0.000000000000000000e+00
1.000000000000000000e+03 0.000000000000000000e+00
1.000000000000000000e+03 0.000000000000000000e+00
1.000000000000000000e+03 0.000000000000000000e+00
1.000000000000000000e+03 0.000000000000000000e+00
1.000000000000000000e+03 0.000000000000000000e+00
9.880000000000000000e+02 3.600000000000000000e+01
4.012608642578125000e+02 2.909784545898437500e+02
1.004615402221679688e+02 5.223621368408203125e+01
8.450466918945312500e+01 3.235936355590820312e+01
1.475573730468750000e+02 7.615547180175781250e+01
