1.003999996185302734e+01 8.937471389770507812e+00
5.000000000000000000e+00 0.000000000000000000e+00
5.000000000000000000e+00 0.000000000000000000e+00
3.000000000000000000e+00 0.000000000000000000e+00
3.042424201965332031e+00 2.015550285577774048e-01
3.000000000000000000e+00 0.000000000000000000e+00
3.000000000000000000e+00 0.000000000000000000e+00
3.000000000000000000e+00 0.000000000000000000e+00
3.000000000000000000e+00 0.000000000000000000e+00
4.990098953247070312e+00 9.900990128517150879e-02
5.000000000000000000e+00 0.000000000000000000e+00
5.000000000000000000e+00 0.000000000000000000e+00
5.000000000000000000e+00 0.000000000000000000e+00
5.000000000000000000e+00 0.000000000000000000e+00
5.000000000000000000e+00 0.000000000000000000e+00
5.000000000000000000e+00 0.000000000000000000e+00
5.000000000000000000e+00 0.000000000000000000e+00
5.000000000000000000e+00 0.000000000000000000e+00
5.000000000000000000e+00 0.000000000000000000e+00
5.000000000000000000e+00 0.000000000000000000e+00
5.000000000000000000e+00 0.000000000000000000e+00
5.000000000000000000e+00 0.000000000000000000e+00
5.000000000000000000e+00 0.000000000000000000e+00
5.000000000000000000e+00 0.000000000000000000e+00
5.000000000000000000e+00 0.000000000000000000e+00
5.000000000000000000e+00 0.000000000000000000e+00
5.000000000000000000e+00 0.000000000000000000e+00
5.112245082855224609e+00 1.105483889579772949e+00
1.641935539245605469e+01 7.120049476623535156e+00
2.281818199157714844e+01 8.835035324096679688e+00
1.729999923706054688e+01 9.331487655639648438e+00
1.938461494445800781e+01 5.435474395751953125e+00
1.846428489685058594e+01 2.796453714370727539e+00
1.877777862548828125e+01 3.130889654159545898e+00
1.391891860961914062e+01 5.734571933746337891e+00
1.154545497894287109e+01 6.095655918121337891e+00
1.862962913513183594e+01 5.056335449218750000e+00
1.751724052429199219e+01 5.549903392791748047e+00
2.023999977111816406e+01 6.074734687805175781e+00
2.063999938964843750e+01 5.050782203674316406e+00
2.173913002014160156e+01 1.501656341552734375e+01
2.011538505554199219e+01 4.272694110870361328e+00
2.052000045776367188e+01 5.397184371948242188e+00
2.345454597473144531e+01 1.032968902587890625e+01
2.861111068725585938e+01 1.371187210083007812e+01
2.731579017639160156e+01 1.500193786621093750e+01
2.675000000000000000e+01 2.005959892272949219e+01
3.814285659790039062e+01 2.409462547302246094e+01
2.519047546386718750e+01 1.285678958892822266e+01
3.393333435058593750e+01 1.526855850219726562e+01
4.636363601684570312e+01 1.324093341827392578e+01
2.861111068725585938e+01 1.731774520874023438e+01
3.023529434204101562e+01 1.756510543823242188e+01
4.225000000000000000e+01 2.310167694091796875e+01
4.350000000000000000e+01 2.728705406188964844e+01
4.146154022216796875e+01 2.072759437561035156e+01
4.590909194946289062e+01 2.562475585937500000e+01
6.437500000000000000e+01 2.847778701782226562e+01
5.933333206176757812e+01 2.275473022460937500e+01
7.312500000000000000e+01 3.904624557495117188e+01
7.514286041259765625e+01 3.507717514038085938e+01
9.033333587646484375e+01 5.030463027954101562e+01
7.242857360839843750e+01 2.552789688110351562e+01
7.542857360839843750e+01 2.807061004638671875e+01
7.771428680419921875e+01 2.476584053039550781e+01
5.740000152587890625e+01 2.748890686035156250e+01
4.383333206176757812e+01 1.917825698852539062e+01
3.373333358764648438e+01 1.695274543762207031e+01
2.191304397583007812e+01 1.109607505798339844e+01
2.395238113403320312e+01 9.954545021057128906e+00
2.372727203369140625e+01 7.526812076568603516e+00
2.162500000000000000e+01 6.362733364105224609e+00
2.095999908447265625e+01 4.861933708190917969e+00
1.992307662963867188e+01 5.909074306488037109e+00
1.629032325744628906e+01 7.582635402679443359e+00
1.600000000000000000e+01 6.768493175506591797e+00
2.212500000000000000e+01 7.372880935668945312e+00
2.380952453613281250e+01 8.392848968505859375e+00
2.380952453613281250e+01 7.669475555419921875e+00
2.585000038146972656e+01 1.024341201782226562e+01
2.095833396911621094e+01 5.287399768829345703e+00
2.108333396911621094e+01 4.231987953186035156e+00
2.359090995788574219e+01 7.352545261383056641e+00
2.400000000000000000e+01 7.804427623748779297e+00
2.266666603088378906e+01 9.222557067871093750e+00
2.377272796630859375e+01 8.707008361816406250e+00
2.636842155456542969e+01 2.031128883361816406e+01
2.418181800842285156e+01 9.851794242858886719e+00
2.291304397583007812e+01 8.015815734863281250e+00
2.752631568908691406e+01 1.514966964721679688e+01
3.864285659790039062e+01 2.488145446777343750e+01
3.393333435058593750e+01 1.828101730346679688e+01
4.300000000000000000e+01 2.277425575256347656e+01
4.681818008422851562e+01 2.778756523132324219e+01
4.375000000000000000e+01 2.588475990295410156e+01
1.410810852050781250e+01 7.593680381774902344e+00
9.452830314636230469e+00 2.446144819259643555e+00
1.751724052429199219e+01 6.652044773101806641e+00
2.083333396911621094e+01 5.505048274993896484e+00
2.208695602416992188e+01 7.282576084136962891e+00
