9.005395889282226562e+00 5.436187267303466797e+00
8.789103507995605469e+00 4.848258495330810547e+00
8.656304359436035156e+00 5.096411228179931641e+00
8.916370391845703125e+00 5.349205970764160156e+00
8.865248680114746094e+00 4.495024204254150391e+00
8.679375648498535156e+00 5.057329177856445312e+00
8.839222908020019531e+00 4.890744209289550781e+00
9.295538902282714844e+00 5.811155796051025391e+00
9.596928596496582031e+00 6.430695533752441406e+00
9.330224037170410156e+00 5.320432186126708984e+00
9.174311637878417969e+00 5.174113273620605469e+00
8.832746505737304688e+00 4.869261264801025391e+00
8.935714721679687500e+00 5.081072330474853516e+00
8.803163528442382812e+00 4.849574565887451172e+00
8.928571701049804688e+00 4.746265888214111328e+00
8.854866981506347656e+00 5.192932605743408203e+00
9.072463989257812500e+00 4.958359718322753906e+00
8.928571701049804688e+00 4.822037220001220703e+00
9.630768775939941406e+00 5.929896354675292969e+00
9.312849044799804688e+00 5.389043331146240234e+00
9.383177757263183594e+00 5.300405025482177734e+00
9.275925636291503906e+00 5.441249847412109375e+00
9.266173362731933594e+00 5.238078594207763672e+00
9.924603462219238281e+00 5.895104408264160156e+00
9.489563941955566406e+00 5.235931396484375000e+00
9.266173362731933594e+00 5.101859092712402344e+00
9.161171913146972656e+00 5.017518043518066406e+00
9.466918945312500000e+00 5.731495380401611328e+00
9.769531250000000000e+00 6.051666259765625000e+00
9.902970314025878906e+00 5.953324317932128906e+00
9.956262588500976562e+00 5.759086132049560547e+00
9.968191146850585938e+00 5.715851783752441406e+00
9.952286720275878906e+00 5.811289310455322266e+00
9.555343627929687500e+00 5.730492115020751953e+00
1.020816326141357422e+01 5.973199844360351562e+00
9.710680007934570312e+00 5.839585781097412109e+00
9.807843208312988281e+00 6.001497745513916016e+00
9.889328002929687500e+00 5.832273483276367188e+00
1.021428585052490234e+01 6.119974136352539062e+00
1.058350944519042969e+01 6.502064704895019531e+00
1.009677410125732422e+01 5.927885532379150391e+00
9.794520378112792969e+00 5.861650943756103516e+00
9.852652549743652344e+00 5.679720878601074219e+00
1.006237411499023438e+01 5.920510768890380859e+00
1.001599979400634766e+01 5.684693813323974609e+00
1.042827415466308594e+01 6.502482414245605469e+00
1.008870983123779297e+01 5.524888038635253906e+00
1.011717128753662109e+01 5.902781963348388672e+00
1.046861934661865234e+01 6.168320178985595703e+00
1.053052616119384766e+01 6.534492969512939453e+00
1.039500999450683594e+01 6.244656562805175781e+00
1.077801704406738281e+01 6.170727729797363281e+00
1.048218059539794922e+01 6.358457088470458984e+00
1.013967609405517578e+01 6.183981418609619141e+00
1.032371139526367188e+01 6.335983753204345703e+00
1.052631568908691406e+01 6.194806575775146484e+00
1.008669376373291016e+01 5.810389518737792969e+00
1.062420368194580078e+01 6.402043819427490234e+00
1.047280311584472656e+01 6.522113323211669922e+00
1.028542137145996094e+01 6.476830482482910156e+00
1.147368431091308594e+01 6.964595794677734375e+00
1.104635715484619141e+01 6.398818016052246094e+00
1.104194259643554688e+01 7.095097064971923828e+00
1.101982402801513672e+01 6.483938217163085938e+00
1.134240341186523438e+01 6.841797828674316406e+00
1.167132854461669922e+01 7.740646839141845703e+00
1.112444400787353516e+01 6.873949050903320312e+00
1.066098117828369141e+01 5.845395565032958984e+00
1.126516819000244141e+01 6.899716854095458984e+00
1.127927970886230469e+01 7.088464260101318359e+00
1.137272739410400391e+01 6.703607082366943359e+00
1.117187500000000000e+01 7.148264884948730469e+00
1.150574684143066406e+01 6.637187957763671875e+00
1.100000000000000000e+01 6.584697723388671875e+00
1.118080329895019531e+01 6.460794448852539062e+00
1.142009162902832031e+01 7.069566726684570312e+00
1.244776153564453125e+01 7.983721256256103516e+00
1.069871807098388672e+01 6.634621143341064453e+00
1.075914001464843750e+01 6.501451015472412109e+00
1.185071086883544922e+01 6.937021255493164062e+00
1.194988059997558594e+01 7.394113063812255859e+00
1.156120109558105469e+01 7.348567962646484375e+00
1.214320373535156250e+01 7.745112895965576172e+00
1.226405906677246094e+01 7.580937385559082031e+00
1.245161247253417969e+01 8.034633636474609375e+00
1.205301189422607422e+01 7.630129337310791016e+00
1.269543170928955078e+01 7.978310108184814453e+00
1.237623786926269531e+01 7.539797306060791016e+00
1.203349304199218750e+01 7.455053806304931641e+00
1.246268653869628906e+01 8.309908866882324219e+00
1.238366317749023438e+01 8.226005554199218750e+00
1.228117370605468750e+01 8.008044242858886719e+00
1.235135173797607422e+01 7.854443550109863281e+00
1.278316307067871094e+01 8.761373519897460938e+00
1.255388450622558594e+01 8.082684516906738281e+00
1.256783962249755859e+01 7.919771671295166016e+00
1.194033432006835938e+01 7.387260437011718750e+00
1.222493934631347656e+01 7.584778308868408203e+00
1.202884578704833984e+01 7.267494201660156250e+00
1.214805793762207031e+01 7.529225826263427734e+00
