9.303405761718750000e+00 5.477866172790527344e+00
1.266666698455810547e+01 8.646519660949707031e+00
1.846625709533691406e+01 1.052503967285156250e+01
2.362204742431640625e+01 1.483289146423339844e+01
3.306593322753906250e+01 1.660848617553710938e+01
4.311428451538085938e+01 2.251446533203125000e+01
4.906451797485351562e+01 2.244985198974609375e+01
5.356140518188476562e+01 1.991650772094726562e+01
6.163265228271484375e+01 2.735831451416015625e+01
5.590740585327148438e+01 2.372314643859863281e+01
5.476363754272460938e+01 2.012232017517089844e+01
5.826922988891601562e+01 2.417493629455566406e+01
6.733333587646484375e+01 2.577854537963867188e+01
6.295918273925781250e+01 2.660747146606445312e+01
5.966666793823242188e+01 2.087654304504394531e+01
6.534042358398437500e+01 2.159124755859375000e+01
8.018421173095703125e+01 2.727043342590332031e+01
6.979545593261718750e+01 2.322085762023925781e+01
8.347222137451171875e+01 3.243839263916015625e+01
8.920587921142578125e+01 4.074510574340820312e+01
9.758064270019531250e+01 3.712209320068359375e+01
9.196969604492187500e+01 2.651984405517578125e+01
9.158823394775390625e+01 2.680991744995117188e+01
9.437500000000000000e+01 3.143818283081054688e+01
8.580000305175781250e+01 2.107781600952148438e+01
9.618750000000000000e+01 2.564229583740234375e+01
9.312121582031250000e+01 3.596526718139648438e+01
9.067646789550781250e+01 1.920894622802734375e+01
9.653125000000000000e+01 3.065124893188476562e+01
1.082857131958007812e+02 3.880616378784179688e+01
1.021333312988281250e+02 3.387106323242187500e+01
1.191923065185546875e+02 5.516480255126953125e+01
1.362173919677734375e+02 6.480938720703125000e+01
1.211923065185546875e+02 2.833320808410644531e+01
1.286666717529296875e+02 4.986119461059570312e+01
1.176923065185546875e+02 3.004582405090332031e+01
1.380000000000000000e+02 4.606517028808593750e+01
1.325217437744140625e+02 3.865327835083007812e+01
1.371363677978515625e+02 5.949201202392578125e+01
1.154230804443359375e+02 4.328543472290039062e+01
1.229599990844726562e+02 4.230128097534179688e+01
1.091785736083984375e+02 3.052171707153320312e+01
1.503000030517578125e+02 5.535259246826171875e+01
1.773529357910156250e+02 6.338392639160156250e+01
2.154285736083984375e+02 6.837471771240234375e+01
1.710526275634765625e+02 7.667667388916015625e+01
1.710000000000000000e+02 7.130139160156250000e+01
1.694499969482421875e+02 8.501086425781250000e+01
1.834705810546875000e+02 6.205606460571289062e+01
1.601052703857421875e+02 4.166267395019531250e+01
1.765882415771484375e+02 6.666162109375000000e+01
2.542500000000000000e+02 1.603616333007812500e+02
2.421538391113281250e+02 1.877936096191406250e+02
2.962727355957031250e+02 9.963487243652343750e+01
3.770000000000000000e+02 1.359420776367187500e+02
1.963750000000000000e+02 8.763837432861328125e+01
3.028999938964843750e+02 1.595910186767578125e+02
3.216000061035156250e+02 1.914534912109375000e+02
2.745833435058593750e+02 1.611414642333984375e+02
1.474285736083984375e+02 7.783778381347656250e+01
1.468181762695312500e+02 8.108617401123046875e+01
1.409090881347656250e+02 6.938817596435546875e+01
1.778888854980468750e+02 1.240353393554687500e+02
5.990000000000000000e+02 2.082602539062500000e+02
6.985999755859375000e+02 3.121983947753906250e+02
4.755000000000000000e+02 3.205830688476562500e+02
4.471428527832031250e+02 2.651562500000000000e+02
1.410000000000000000e+02 8.635024261474609375e+01
1.903750000000000000e+02 1.188995742797851562e+02
2.003999938964843750e+02 1.994180908203125000e+02
2.549166717529296875e+02 1.596644744873046875e+02
3.497999877929687500e+02 1.979822235107421875e+02
7.650000000000000000e+02 2.395892333984375000e+02
7.530000000000000000e+02 3.016976928710937500e+02
1.000000000000000000e+03 0.000000000000000000e+00
9.660000000000000000e+02 5.273044586181640625e+01
8.627500000000000000e+02 2.377239685058593750e+02
4.338571472167968750e+02 2.619615173339843750e+02
2.568461608886718750e+02 2.441146697998046875e+02
2.962500000000000000e+02 1.685611267089843750e+02
6.340000000000000000e+02 2.441048889160156250e+02
9.650000000000000000e+02 6.062177658081054688e+01
1.000000000000000000e+03 0.000000000000000000e+00
1.000000000000000000e+03 0.000000000000000000e+00
7.435999755859375000e+02 3.229176940917968750e+02
4.315714416503906250e+02 2.421032104492187500e+02
1.596315765380859375e+02 7.240689849853515625e+01
1.020322570800781250e+02 3.335390090942382812e+01
8.483333587646484375e+01 2.937355422973632812e+01
1.115555572509765625e+02 3.958706665039062500e+01
2.800909118652343750e+02 2.078016662597656250e+02
7.625999755859375000e+02 2.975120849609375000e+02
8.535000000000000000e+02 2.537454376220703125e+02
8.725000000000000000e+02 2.208364715576171875e+02
8.015000000000000000e+02 3.438120727539062500e+02
1.000000000000000000e+03 0.000000000000000000e+00
8.327500000000000000e+02 2.643438720703125000e+02
8.845000000000000000e+02 2.000518646240234375e+02
1.000000000000000000e+03 0.000000000000000000e+00
1.000000000000000000e+03 0.000000000000000000e+00
