9.160256385803222656e+00 5.085618495941162109e+00
1.283953762054443359e+01 8.763981819152832031e+00
1.815036201477050781e+01 1.131342983245849609e+01
2.309930801391601562e+01 1.329143238067626953e+01
3.217684936523437500e+01 1.683103752136230469e+01
3.697058868408203125e+01 1.907471466064453125e+01
4.391228103637695312e+01 2.256921577453613281e+01
5.110659790039062500e+01 2.188789749145507812e+01
5.657303237915039062e+01 2.143025588989257812e+01
5.574444580078125000e+01 2.195857810974121094e+01
5.633145904541015625e+01 2.373229026794433594e+01
5.538121414184570312e+01 2.111932563781738281e+01
5.874853897094726562e+01 2.107854843139648438e+01
5.892397689819335938e+01 2.502139663696289062e+01
6.163803863525390625e+01 2.159209632873535156e+01
6.436538696289062500e+01 2.358484077453613281e+01
8.046399688720703125e+01 3.456068420410156250e+01
7.791472625732421875e+01 3.192118072509765625e+01
9.109999847412109375e+01 3.462577819824218750e+01
9.026126098632812500e+01 3.078689002990722656e+01
9.468868255615234375e+01 3.328022003173828125e+01
9.014286041259765625e+01 3.062674522399902344e+01
8.892982482910156250e+01 3.335921478271484375e+01
8.582906341552734375e+01 3.168900489807128906e+01
8.816666412353515625e+01 3.066797637939453125e+01
8.854386138916015625e+01 3.083121490478515625e+01
1.002200012207031250e+02 3.143996810913085938e+01
9.033036041259765625e+01 3.045968627929687500e+01
1.010505065917968750e+02 3.522005081176757812e+01
1.022959213256835938e+02 3.330600738525390625e+01
1.047083358764648438e+02 4.634155654907226562e+01
1.085053787231445312e+02 4.025366592407226562e+01
1.210240936279296875e+02 4.432029724121093750e+01
1.296025695800781250e+02 4.283071517944335938e+01
1.222195129394531250e+02 4.629413604736328125e+01
1.297692260742187500e+02 4.494296264648437500e+01
1.335333404541015625e+02 5.657474899291992188e+01
1.324415588378906250e+02 5.700045776367187500e+01
1.331973724365234375e+02 5.178854370117187500e+01
1.658688507080078125e+02 7.027474975585937500e+01
1.565000000000000000e+02 8.748696136474609375e+01
1.793571472167968750e+02 7.319212341308593750e+01
1.624032287597656250e+02 8.943558502197265625e+01
1.613709716796875000e+02 6.903464508056640625e+01
1.825636291503906250e+02 1.226855163574218750e+02
1.613225860595703125e+02 8.471656036376953125e+01
1.763157958984375000e+02 1.082993240356445312e+02
1.626290283203125000e+02 7.477110290527343750e+01
1.633548431396484375e+02 8.416345214843750000e+01
1.723559265136718750e+02 9.011852264404296875e+01
1.913018798828125000e+02 1.198811645507812500e+02
1.912452850341796875e+02 1.101271820068359375e+02
1.913018798828125000e+02 8.460620880126953125e+01
2.247333374023437500e+02 1.188306732177734375e+02
1.971176452636718750e+02 1.041097946166992188e+02
3.235806579589843750e+02 1.316139831542968750e+02
5.436842041015625000e+02 3.539538879394531250e+02
7.181428833007812500e+02 2.822146911621093750e+02
7.325999755859375000e+02 2.969998168945312500e+02
8.138461303710937500e+02 3.246775512695312500e+02
9.186363525390625000e+02 1.389730377197265625e+02
8.675000000000000000e+02 2.367366638183593750e+02
8.460000000000000000e+02 2.815217590332031250e+02
8.040769042968750000e+02 3.005793151855468750e+02
1.000000000000000000e+03 0.000000000000000000e+00
9.612727050781250000e+02 1.224663848876953125e+02
6.345000000000000000e+02 2.996210021972656250e+02
5.172857055664062500e+02 3.167428283691406250e+02
6.127647094726562500e+02 3.031075439453125000e+02
8.180769042968750000e+02 2.891803894042968750e+02
1.000000000000000000e+03 0.000000000000000000e+00
1.000000000000000000e+03 0.000000000000000000e+00
1.000000000000000000e+03 0.000000000000000000e+00
9.647272949218750000e+02 1.093468933105468750e+02
4.629130554199218750e+02 2.730791931152343750e+02
6.740000000000000000e+02 3.396266479492187500e+02
8.126923217773437500e+02 3.021546630859375000e+02
9.396363525390625000e+02 1.908865814208984375e+02
1.000000000000000000e+03 0.000000000000000000e+00
9.259091186523437500e+02 1.773135223388671875e+02
8.540833129882812500e+02 2.956761779785156250e+02
1.000000000000000000e+03 0.000000000000000000e+00
9.573636474609375000e+02 1.277243270874023438e+02
1.000000000000000000e+03 0.000000000000000000e+00
1.000000000000000000e+03 0.000000000000000000e+00
1.000000000000000000e+03 0.000000000000000000e+00
9.706363525390625000e+02 9.285597991943359375e+01
9.563636474609375000e+02 1.379902954101562500e+02
1.000000000000000000e+03 0.000000000000000000e+00
1.000000000000000000e+03 0.000000000000000000e+00
9.911818237304687500e+02 2.788553619384765625e+01
1.000000000000000000e+03 0.000000000000000000e+00
9.126363525390625000e+02 2.762680969238281250e+02
1.000000000000000000e+03 0.000000000000000000e+00
1.000000000000000000e+03 0.000000000000000000e+00
9.323636474609375000e+02 1.974138641357421875e+02
2.738648681640625000e+02 2.136911163330078125e+02
1.725689697265625000e+02 8.432390594482421875e+01
2.311363677978515625e+02 1.315988311767578125e+02
4.044400024414062500e+02 2.472051849365234375e+02
