9.005395889282226562e+00 5.436187267303466797e+00
1.615483856201171875e+01 1.033980178833007812e+01
2.703783798217773438e+01 1.545678138732910156e+01
3.861832046508789062e+01 1.813455009460449219e+01
4.983168411254882812e+01 1.926011085510253906e+01
4.750000000000000000e+01 2.106022453308105469e+01
4.262711715698242188e+01 1.814340019226074219e+01
4.041128921508789062e+01 1.543091392517089844e+01
4.067479705810546875e+01 1.478930377960205078e+01
4.184166717529296875e+01 1.289314746856689453e+01
4.866019439697265625e+01 1.932429122924804688e+01
4.932352828979492188e+01 1.853145980834960938e+01
6.276250076293945312e+01 2.273226928710937500e+01
6.795945739746093750e+01 2.835224342346191406e+01
7.585074615478515625e+01 2.970966529846191406e+01
8.593220520019531250e+01 4.073804855346679688e+01
1.205000000000000000e+02 4.687026214599609375e+01
1.323157958984375000e+02 5.159717941284179688e+01
1.219285736083984375e+02 3.669656372070312500e+01
1.079361724853515625e+02 2.953786277770996094e+01
1.047708358764648438e+02 2.848335647583007812e+01
1.033265304565429688e+02 3.698393630981445312e+01
1.023199996948242188e+02 2.603569793701171875e+01
1.112666702270507812e+02 3.751349258422851562e+01
1.061666641235351562e+02 3.719841766357421875e+01
1.153863601684570312e+02 3.922268676757812500e+01
1.311794891357421875e+02 4.782279205322265625e+01
1.239756088256835938e+02 3.203236770629882812e+01
1.418055572509765625e+02 4.574617004394531250e+01
1.423333282470703125e+02 5.189787292480468750e+01
1.485000000000000000e+02 4.845813751220703125e+01
1.547878723144531250e+02 6.449654388427734375e+01
1.728965454101562500e+02 5.856228637695312500e+01
2.111666717529296875e+02 1.112503433227539062e+02
2.668947448730468750e+02 9.105052947998046875e+01
3.220625000000000000e+02 1.402865295410156250e+02
3.205000000000000000e+02 1.124399871826171875e+02
4.281666564941406250e+02 1.586525726318359375e+02
4.331538391113281250e+02 2.560858764648437500e+02
4.255000000000000000e+02 3.085364685058593750e+02
3.437500000000000000e+02 1.731713409423828125e+02
4.517500000000000000e+02 2.901703796386718750e+02
5.631110839843750000e+02 3.455682678222656250e+02
7.018750000000000000e+02 2.727303771972656250e+02
7.655714111328125000e+02 2.530775451660156250e+02
3.355333251953125000e+02 1.317233734130859375e+02
2.962352905273437500e+02 1.110911331176757812e+02
4.673636474609375000e+02 3.021114501953125000e+02
8.460000000000000000e+02 3.443544616699218750e+02
1.000000000000000000e+03 0.000000000000000000e+00
1.000000000000000000e+03 0.000000000000000000e+00
1.000000000000000000e+03 0.000000000000000000e+00
1.000000000000000000e+03 0.000000000000000000e+00
1.000000000000000000e+03 0.000000000000000000e+00
1.000000000000000000e+03 0.000000000000000000e+00
1.000000000000000000e+03 0.000000000000000000e+00
1.000000000000000000e+03 0.000000000000000000e+00
1.000000000000000000e+03 0.000000000000000000e+00
1.000000000000000000e+03 0.000000000000000000e+00
1.000000000000000000e+03 0.000000000000000000e+00
1.000000000000000000e+03 0.000000000000000000e+00
1.000000000000000000e+03 0.000000000000000000e+00
1.000000000000000000e+03 0.000000000000000000e+00
1.000000000000000000e+03 0.000000000000000000e+00
7.355000000000000000e+02 3.394657592773437500e+02
3.503333435058593750e+02 2.933179321289062500e+02
2.148750000000000000e+02 2.174320220947265625e+02
8.423333129882812500e+02 3.099901733398437500e+02
1.000000000000000000e+03 0.000000000000000000e+00
1.000000000000000000e+03 0.000000000000000000e+00
1.000000000000000000e+03 0.000000000000000000e+00
1.000000000000000000e+03 0.000000000000000000e+00
1.000000000000000000e+03 0.000000000000000000e+00
1.000000000000000000e+03 0.000000000000000000e+00
1.000000000000000000e+03 0.000000000000000000e+00
1.000000000000000000e+03 0.000000000000000000e+00
1.000000000000000000e+03 0.000000000000000000e+00
1.000000000000000000e+03 0.000000000000000000e+00
8.971666870117187500e+02 2.299423217773437500e+02
7.798571166992187500e+02 3.019557495117187500e+02
7.487500000000000000e+02 3.183224487304687500e+02
8.735000000000000000e+02 1.797069396972656250e+02
8.290000000000000000e+02 2.354806671142578125e+02
1.000000000000000000e+03 0.000000000000000000e+00
1.000000000000000000e+03 0.000000000000000000e+00
1.000000000000000000e+03 0.000000000000000000e+00
1.000000000000000000e+03 0.000000000000000000e+00
9.850000000000000000e+02 3.354101943969726562e+01
7.971428833007812500e+02 1.950373077392578125e+02
3.832142944335937500e+02 2.053708038330078125e+02
2.582999877929687500e+02 8.682230377197265625e+01
2.318181762695312500e+02 8.324314880371093750e+01
2.137916717529296875e+02 7.560918426513671875e+01
2.819444580078125000e+02 1.380130767822265625e+02
3.565333251953125000e+02 2.119553070068359375e+02
3.230625000000000000e+02 2.562721862792968750e+02
1.209523773193359375e+02 7.346037292480468750e+01
1.030204086303710938e+02 3.466132736206054688e+01
9.673584747314453125e+01 4.385832595825195312e+01
8.116129302978515625e+01 2.670157241821289062e+01
