1.003999996185302734e+01 8.937471389770507812e+00
1.026530647277832031e+01 6.644855499267578125e+00
1.384210491180419922e+01 9.117728233337402344e+00
1.219512176513671875e+01 6.113637447357177734e+00
1.980769157409667969e+01 1.073462867736816406e+01
1.612903213500976562e+01 7.926036834716796875e+00
1.664516067504882812e+01 8.566809654235839844e+00
2.500000000000000000e+01 1.608217430114746094e+01
2.108333396911621094e+01 1.298690509796142578e+01
2.400000000000000000e+01 1.359271526336669922e+01
3.135294151306152344e+01 2.291914367675781250e+01
3.650000000000000000e+01 1.770693969726562500e+01
3.406666564941406250e+01 1.387787914276123047e+01
3.585714340209960938e+01 1.617695426940917969e+01
3.281250000000000000e+01 1.550088214874267578e+01
4.636363601684570312e+01 1.720080757141113281e+01
4.015384674072265625e+01 2.176746368408203125e+01
5.259999847412109375e+01 3.285787582397460938e+01
6.475000000000000000e+01 2.438621520996093750e+01
5.220000076293945312e+01 9.206519126892089844e+00
5.877777862548828125e+01 2.187224388122558594e+01
5.566666793823242188e+01 2.710473632812500000e+01
6.737500000000000000e+01 2.513929939270019531e+01
5.888888931274414062e+01 1.488059425354003906e+01
6.455555725097656250e+01 2.180270767211914062e+01
4.981818008422851562e+01 1.511662673950195312e+01
7.512500000000000000e+01 3.701161193847656250e+01
5.800000000000000000e+01 1.956016349792480469e+01
5.811111068725585938e+01 1.201336669921875000e+01
5.877777862548828125e+01 1.624655723571777344e+01
6.433333587646484375e+01 2.063438415527343750e+01
7.257142639160156250e+01 3.773159408569335938e+01
5.911111068725585938e+01 1.195774459838867188e+01
7.300000000000000000e+01 2.433691978454589844e+01
5.655555725097656250e+01 1.753796577453613281e+01
6.387500000000000000e+01 2.234075546264648438e+01
6.262500000000000000e+01 2.249965286254882812e+01
6.837500000000000000e+01 1.771960449218750000e+01
5.844444274902343750e+01 2.192974090576171875e+01
6.750000000000000000e+01 2.298912811279296875e+01
9.433333587646484375e+01 2.218608093261718750e+01
7.428571319580078125e+01 1.548929786682128906e+01
8.366666412353515625e+01 4.992883682250976562e+01
5.755555725097656250e+01 1.854790306091308594e+01
8.550000000000000000e+01 3.199869728088378906e+01
7.200000000000000000e+01 4.709564590454101562e+01
5.666666793823242188e+01 1.302134990692138672e+01
5.800000000000000000e+01 1.685823249816894531e+01
6.411111450195312500e+01 2.521659278869628906e+01
6.255555725097656250e+01 2.284785842895507812e+01
6.375000000000000000e+01 3.435021972656250000e+01
7.914286041259765625e+01 3.878301620483398438e+01
8.383333587646484375e+01 2.921994972229003906e+01
9.016666412353515625e+01 5.102096557617187500e+01
7.685713958740234375e+01 2.457309150695800781e+01
7.442857360839843750e+01 3.108907508850097656e+01
1.015999984741210938e+02 5.106701660156250000e+01
7.900000000000000000e+01 2.905167770385742188e+01
7.885713958740234375e+01 2.101311492919921875e+01
8.600000000000000000e+01 3.383573913574218750e+01
1.124000015258789062e+02 4.286070632934570312e+01
8.483333587646484375e+01 2.131053543090820312e+01
7.642857360839843750e+01 1.726976776123046875e+01
9.533333587646484375e+01 2.838818359375000000e+01
9.050000000000000000e+01 1.879494667053222656e+01
1.091999969482421875e+02 4.072050857543945312e+01
9.183333587646484375e+01 3.827713012695312500e+01
9.300000000000000000e+01 3.837099838256835938e+01
1.094000015258789062e+02 3.090372085571289062e+01
9.183333587646484375e+01 4.841286849975585938e+01
8.685713958740234375e+01 4.278660964965820312e+01
1.148000030517578125e+02 4.045441818237304688e+01
1.502500000000000000e+02 4.341298675537109375e+01
9.650000000000000000e+01 3.453862380981445312e+01
1.254000015258789062e+02 3.717310714721679688e+01
1.001999969482421875e+02 2.906819725036621094e+01
8.550000000000000000e+01 1.548924350738525391e+01
8.966666412353515625e+01 4.231101608276367188e+01
1.134000015258789062e+02 4.475979995727539062e+01
1.061666641235351562e+02 5.150215911865234375e+01
1.008000030517578125e+02 2.163700485229492188e+01
8.328571319580078125e+01 3.009847640991210938e+01
1.055999984741210938e+02 4.224973297119140625e+01
1.054000015258789062e+02 5.995197677612304688e+01
1.024000015258789062e+02 3.411510086059570312e+01
1.736666717529296875e+02 8.631081390380859375e+01
1.200000000000000000e+02 2.704810523986816406e+01
8.800000000000000000e+01 2.752574539184570312e+01
7.800000000000000000e+01 2.428991508483886719e+01
9.700000000000000000e+01 2.622975349426269531e+01
1.218333358764648438e+02 8.075562286376953125e+01
1.090000000000000000e+02 3.793151855468750000e+01
8.866666412353515625e+01 3.165789222717285156e+01
8.750000000000000000e+01 2.777738761901855469e+01
7.357142639160156250e+01 3.090472602844238281e+01
1.264000015258789062e+02 4.755880737304687500e+01
1.390000000000000000e+02 2.065187644958496094e+01
1.178000030517578125e+02 5.844450759887695312e+01
1.385000000000000000e+02 3.289756774902343750e+01
1.211666641235351562e+02 5.388697052001953125e+01
