9.005395889282226562e+00 5.436187267303466797e+00
8.722996711730957031e+00 4.696161270141601562e+00
8.322794914245605469e+00 4.747076511383056641e+00
8.825704574584960938e+00 5.178120136260986328e+00
8.755245208740234375e+00 5.176894187927246094e+00
8.568492889404296875e+00 4.486520767211914062e+00
8.962365150451660156e+00 5.211341857910156250e+00
8.804577827453613281e+00 5.017453670501708984e+00
8.624137878417968750e+00 4.274233341217041016e+00
9.099637985229492188e+00 5.302364826202392578e+00
8.818342208862304688e+00 5.123912334442138672e+00
9.092727661132812500e+00 5.716367244720458984e+00
8.796133995056152344e+00 5.121777534484863281e+00
8.558974266052246094e+00 5.176577091217041016e+00
8.787719726562500000e+00 5.268462181091308594e+00
8.744754791259765625e+00 5.072332382202148438e+00
8.581475257873535156e+00 4.820603370666503906e+00
8.650519371032714844e+00 4.627547264099121094e+00
8.867021560668945312e+00 5.088407516479492188e+00
8.937500000000000000e+00 4.998002052307128906e+00
8.907473564147949219e+00 4.868957042694091797e+00
8.675909996032714844e+00 4.602085590362548828e+00
8.772329330444335938e+00 4.787315845489501953e+00
8.932143211364746094e+00 5.035839557647705078e+00
8.637305259704589844e+00 4.988039970397949219e+00
8.874113082885742188e+00 5.440533161163330078e+00
8.787345886230468750e+00 5.201606750488281250e+00
8.645941734313964844e+00 4.882455825805664062e+00
8.611015319824218750e+00 4.887035369873046875e+00
9.183150291442871094e+00 5.417325019836425781e+00
8.763572692871093750e+00 4.680526256561279297e+00
9.014414787292480469e+00 5.134915828704833984e+00
8.964158058166503906e+00 5.163506507873535156e+00
9.014414787292480469e+00 5.294886589050292969e+00
8.946332931518554688e+00 4.657190799713134766e+00
8.661485671997070312e+00 4.673751831054687500e+00
8.464527130126953125e+00 4.975829124450683594e+00
8.731239318847656250e+00 4.661792278289794922e+00
8.928698539733886719e+00 5.028110980987548828e+00
8.765734672546386719e+00 4.942785739898681641e+00
8.801405906677246094e+00 4.953307151794433594e+00
8.743455886840820312e+00 5.259959220886230469e+00
8.535836219787597656e+00 5.231785774230957031e+00
8.746946334838867188e+00 4.768700122833251953e+00
8.653979301452636719e+00 4.833346366882324219e+00
8.789103507995605469e+00 4.798339843750000000e+00
9.287569999694824219e+00 5.228441715240478516e+00
8.732984542846679688e+00 4.693790435791015625e+00
9.032490730285644531e+00 5.213737964630126953e+00
9.190825462341308594e+00 5.705004215240478516e+00
8.825396537780761719e+00 4.857350349426269531e+00
8.761821746826171875e+00 4.652477741241455078e+00
8.949910163879394531e+00 4.980929374694824219e+00
8.680555343627929688e+00 4.961172580718994141e+00
8.777193069458007812e+00 4.326723098754882812e+00
8.815140724182128906e+00 4.937209606170654297e+00
8.869257926940917969e+00 5.292558193206787109e+00
8.744754791259765625e+00 5.340623855590820312e+00
9.077898979187011719e+00 5.031360149383544922e+00
9.183485984802246094e+00 5.960058689117431641e+00
9.090909004211425781e+00 5.256935596466064453e+00
8.933928489685058594e+00 5.262494564056396484e+00
8.903914451599121094e+00 5.227359294891357422e+00
9.181651115417480469e+00 5.442782878875732422e+00
9.159049034118652344e+00 5.437220573425292969e+00
8.982047080993652344e+00 5.395626544952392578e+00
8.856637001037597656e+00 5.285710811614990234e+00
8.716028213500976562e+00 4.987565040588378906e+00
8.996409416198730469e+00 5.572758674621582031e+00
8.916220664978027344e+00 5.213629245758056641e+00
8.791228294372558594e+00 5.370510101318359375e+00
9.023423194885253906e+00 5.072926998138427734e+00
9.019820213317871094e+00 5.261929035186767578e+00
8.827160835266113281e+00 5.129893302917480469e+00
9.012567520141601562e+00 5.236406326293945312e+00
8.750000000000000000e+00 4.983407497406005859e+00
8.860177040100097656e+00 4.983149528503417969e+00
8.734729766845703125e+00 4.959465503692626953e+00
9.008993148803710938e+00 5.527067661285400391e+00
8.937500000000000000e+00 5.211048126220703125e+00
9.032490730285644531e+00 5.345029830932617188e+00
9.112932205200195312e+00 5.259911060333251953e+00
9.050632476806640625e+00 4.867982387542724609e+00
9.194852828979492188e+00 5.163030624389648438e+00
9.363295555114746094e+00 5.491825580596923828e+00
9.125912666320800781e+00 5.387250423431396484e+00
8.823633193969726562e+00 5.149333000183105469e+00
9.564053535461425781e+00 5.706090927124023438e+00
8.818342208862304688e+00 4.731650829315185547e+00
9.266666412353515625e+00 5.463955879211425781e+00
8.756993293762207031e+00 4.609435081481933594e+00
9.239851951599121094e+00 5.244364261627197266e+00
9.094545364379882812e+00 5.628028392791748047e+00
9.393996238708496094e+00 5.459944248199462891e+00
8.813380241394042969e+00 5.279213905334472656e+00
8.987432479858398438e+00 5.068810462951660156e+00
8.511904716491699219e+00 4.621547222137451172e+00
8.833922386169433594e+00 4.972785949707031250e+00
9.161171913146972656e+00 5.599224090576171875e+00
9.404135704040527344e+00 5.720643997192382812e+00
