8.000000000000000000e+00 4.350066184997558594e+00
1.312500000000000000e+01 6.641489028930664062e+00
1.916666603088378906e+01 1.133455848693847656e+01
2.000000000000000000e+01 6.292852878570556641e+00
2.120000076293945312e+01 7.704544067382812500e+00
2.220000076293945312e+01 5.810335636138916016e+00
4.133333206176757812e+01 1.040299129486083984e+01
5.450000000000000000e+01 2.350000000000000000e+01
5.250000000000000000e+01 1.950000000000000000e+01
4.900000000000000000e+01 5.354125976562500000e+00
6.400000000000000000e+01 3.300000000000000000e+01
6.700000000000000000e+01 2.922327804565429688e+01
6.000000000000000000e+01 1.000000000000000000e+00
8.150000000000000000e+01 4.050000000000000000e+01
6.750000000000000000e+01 1.750000000000000000e+01
6.100000000000000000e+01 2.800000000000000000e+01
3.200000000000000000e+01 1.464581871032714844e+01
2.800000000000000000e+01 7.582875251770019531e+00
1.080000000000000000e+02 0.000000000000000000e+00
6.150000000000000000e+01 2.250000000000000000e+01
7.300000000000000000e+01 1.100000000000000000e+01
8.050000000000000000e+01 3.500000000000000000e+00
4.566666793823242188e+01 2.546020889282226562e+01
6.250000000000000000e+01 2.500000000000000000e+00
1.310000000000000000e+02 0.000000000000000000e+00
1.865000000000000000e+02 1.165000000000000000e+02
8.450000000000000000e+01 7.500000000000000000e+00
7.300000000000000000e+01 3.000000000000000000e+00
7.866666412353515625e+01 4.721817016601562500e+01
1.355000000000000000e+02 4.750000000000000000e+01
9.350000000000000000e+01 5.650000000000000000e+01
1.690000000000000000e+02 0.000000000000000000e+00
6.750000000000000000e+01 1.150000000000000000e+01
1.290000000000000000e+02 0.000000000000000000e+00
1.560000000000000000e+02 6.800000000000000000e+01
1.290000000000000000e+02 0.000000000000000000e+00
5.200000000000000000e+01 8.640987396240234375e+00
5.000000000000000000e+01 1.256980514526367188e+01
8.050000000000000000e+01 1.050000000000000000e+01
3.575000000000000000e+01 1.160549449920654297e+01
4.866666793823242188e+01 1.167142772674560547e+01
5.000000000000000000e+01 7.000000000000000000e+00
5.500000000000000000e+01 2.847220993041992188e+01
4.100000000000000000e+01 9.626352310180664062e+00
5.950000000000000000e+01 7.500000000000000000e+00
4.400000000000000000e+01 1.414213538169860840e+00
6.700000000000000000e+01 2.200000000000000000e+01
5.133333206176757812e+01 8.178563117980957031e+00
1.010000000000000000e+02 0.000000000000000000e+00
7.800000000000000000e+01 1.700000000000000000e+01
6.300000000000000000e+01 6.000000000000000000e+00
1.060000000000000000e+02 0.000000000000000000e+00
5.550000000000000000e+01 1.350000000000000000e+01
5.450000000000000000e+01 3.500000000000000000e+00
6.700000000000000000e+01 5.000000000000000000e+00
5.200000000000000000e+01 5.000000000000000000e+00
5.750000000000000000e+01 7.500000000000000000e+00
5.500000000000000000e+01 3.000000000000000000e+00
7.050000000000000000e+01 1.050000000000000000e+01
7.150000000000000000e+01 1.150000000000000000e+01
7.650000000000000000e+01 5.500000000000000000e+00
6.050000000000000000e+01 4.500000000000000000e+00
3.400000000000000000e+01 1.657307052612304688e+01
1.000000000000000000e+02 2.500000000000000000e+01
8.100000000000000000e+01 1.700000000000000000e+01
5.900000000000000000e+01 0.000000000000000000e+00
1.095000000000000000e+02 3.150000000000000000e+01
1.020000000000000000e+02 8.000000000000000000e+00
9.050000000000000000e+01 2.450000000000000000e+01
1.260000000000000000e+02 0.000000000000000000e+00
8.150000000000000000e+01 6.500000000000000000e+00
2.330000000000000000e+02 0.000000000000000000e+00
1.940000000000000000e+02 0.000000000000000000e+00
1.650000000000000000e+02 0.000000000000000000e+00
1.350000000000000000e+02 0.000000000000000000e+00
1.665000000000000000e+02 9.050000000000000000e+01
2.210000000000000000e+02 0.000000000000000000e+00
1.180000000000000000e+02 0.000000000000000000e+00
2.340000000000000000e+02 0.000000000000000000e+00
1.970000000000000000e+02 0.000000000000000000e+00
1.930000000000000000e+02 0.000000000000000000e+00
2.520000000000000000e+02 0.000000000000000000e+00
1.720000000000000000e+02 0.000000000000000000e+00
1.660000000000000000e+02 0.000000000000000000e+00
1.320000000000000000e+02 0.000000000000000000e+00
1.880000000000000000e+02 0.000000000000000000e+00
3.760000000000000000e+02 0.000000000000000000e+00
1.205000000000000000e+02 5.350000000000000000e+01
2.880000000000000000e+02 0.000000000000000000e+00
3.190000000000000000e+02 0.000000000000000000e+00
1.960000000000000000e+02 0.000000000000000000e+00
1.630000000000000000e+02 1.130000000000000000e+02
2.580000000000000000e+02 0.000000000000000000e+00
1.840000000000000000e+02 0.000000000000000000e+00
8.600000000000000000e+01 1.200000000000000000e+01
1.250000000000000000e+02 0.000000000000000000e+00
9.600000000000000000e+01 1.600000000000000000e+01
7.750000000000000000e+01 5.000000000000000000e-01
8.150000000000000000e+01 3.500000000000000000e+00
6.750000000000000000e+01 1.500000000000000000e+00
