9.005395889282226562e+00 5.436187267303466797e+00
9.861932754516601562e+00 5.926628589630126953e+00
1.133031654357910156e+01 7.174264907836914062e+00
1.358967399597167969e+01 8.779768943786621094e+00
1.538036823272705078e+01 9.630414962768554688e+00
1.824817466735839844e+01 1.213024234771728516e+01
1.970078659057617188e+01 1.260596942901611328e+01
2.342523384094238281e+01 1.336865901947021484e+01
2.588718032836914062e+01 1.589799499511718750e+01
3.039999961853027344e+01 1.742091941833496094e+01
3.365100860595703125e+01 2.026930236816406250e+01
3.449659729003906250e+01 1.695306587219238281e+01
3.480555725097656250e+01 1.661963272094726562e+01
3.965354156494140625e+01 1.942941093444824219e+01
4.401754379272460938e+01 2.148601341247558594e+01
4.880582427978515625e+01 2.387876319885253906e+01
4.949019622802734375e+01 1.863622093200683594e+01
5.524175643920898438e+01 2.226431655883789062e+01
5.616666793823242188e+01 2.205359458923339844e+01
6.250617218017578125e+01 2.824851036071777344e+01
6.125609588623046875e+01 2.427575874328613281e+01
6.837837982177734375e+01 2.609168052673339844e+01
6.373417663574218750e+01 2.757714462280273438e+01
6.678666687011718750e+01 2.318752098083496094e+01
7.240000152587890625e+01 3.183726501464843750e+01
6.542308044433593750e+01 2.614286041259765625e+01
7.363235473632812500e+01 3.034939002990722656e+01
7.522387695312500000e+01 3.476394653320312500e+01
7.202857208251953125e+01 3.231716156005859375e+01
7.376470947265625000e+01 3.493949508666992188e+01
7.523880767822265625e+01 3.380810546875000000e+01
7.107041931152343750e+01 3.315873718261718750e+01
7.707691955566406250e+01 2.804792976379394531e+01
7.834375000000000000e+01 3.078870391845703125e+01
8.211289978027343750e+01 3.185810470581054688e+01
8.755931854248046875e+01 3.594594192504882812e+01
8.015872955322265625e+01 3.026350021362304688e+01
8.383333587646484375e+01 3.778410720825195312e+01
7.963491821289062500e+01 3.101371955871582031e+01
8.052381134033203125e+01 2.758585929870605469e+01
8.583050537109375000e+01 2.993504333496093750e+01
8.656896209716796875e+01 3.034009170532226562e+01
8.696551513671875000e+01 3.418305969238281250e+01
8.785964965820312500e+01 2.873559761047363281e+01
9.543395996093750000e+01 3.482978057861328125e+01
9.684615325927734375e+01 4.037629699707031250e+01
9.488679504394531250e+01 3.587696838378906250e+01
1.092173919677734375e+02 3.614879608154296875e+01
8.871929931640625000e+01 2.795971679687500000e+01
9.833333587646484375e+01 3.905133438110351562e+01
1.028979568481445312e+02 4.960095596313476562e+01
9.164286041259765625e+01 3.878209686279296875e+01
9.178181457519531250e+01 3.299625015258789062e+01
1.015999984741210938e+02 3.699459075927734375e+01
1.008199996948242188e+02 3.579479980468750000e+01
1.120888900756835938e+02 4.308638763427734375e+01
1.127111129760742188e+02 4.279024887084960938e+01
1.247804870605468750e+02 5.451538848876953125e+01
1.150681838989257812e+02 3.505735397338867188e+01
1.222195129394531250e+02 4.231964111328125000e+01
1.208809509277343750e+02 5.442303466796875000e+01
1.199523773193359375e+02 4.302377700805664062e+01
1.165581359863281250e+02 4.799627304077148438e+01
1.227560958862304688e+02 5.913390350341796875e+01
1.202619018554687500e+02 4.843751907348632812e+01
1.197857131958007812e+02 4.631801986694335938e+01
1.078936157226562500e+02 3.933718490600585938e+01
1.065416641235351562e+02 5.601300430297851562e+01
1.009000015258789062e+02 4.606831741333007812e+01
9.394444274902343750e+01 5.009118270874023438e+01
9.486792755126953125e+01 4.346763610839843750e+01
9.098181915283203125e+01 3.404782104492187500e+01
9.314814758300781250e+01 4.719283294677734375e+01
1.013799972534179688e+02 4.694417572021484375e+01
1.029591827392578125e+02 4.388201141357421875e+01
1.094130401611328125e+02 4.324328231811523438e+01
1.103478240966796875e+02 5.469926071166992188e+01
1.143636398315429688e+02 5.382635879516601562e+01
1.259749984741210938e+02 6.881478118896484375e+01
1.126888885498046875e+02 5.712474822998046875e+01
1.309487152099609375e+02 7.703277587890625000e+01
1.322368469238281250e+02 4.371163177490234375e+01
1.403888854980468750e+02 7.261209106445312500e+01
1.162500000000000000e+02 6.352813339233398438e+01
1.338421020507812500e+02 7.620938873291015625e+01
1.152045440673828125e+02 1.080158996582031250e+02
9.541509246826171875e+01 5.744478607177734375e+01
1.117555541992187500e+02 6.891158294677734375e+01
1.148409118652343750e+02 5.519920349121093750e+01
1.012200012207031250e+02 3.670656204223632812e+01
1.231707305908203125e+02 4.964847564697265625e+01
1.707666625976562500e+02 8.372084045410156250e+01
1.625161285400390625e+02 8.552149963378906250e+01
1.836785736083984375e+02 9.498948669433593750e+01
1.937307739257812500e+02 9.137646484375000000e+01
1.687187500000000000e+02 1.166702651977539062e+02
1.857777709960937500e+02 1.034735107421875000e+02
2.272173919677734375e+02 1.001155624389648438e+02
2.128333282470703125e+02 1.056656112670898438e+02
2.246086883544921875e+02 1.161557159423828125e+02
