9.005395889282226562e+00 5.436187267303466797e+00
1.439655208587646484e+01 6.957026481628417969e+00
3.437671279907226562e+01 1.753358459472656250e+01
3.447260284423828125e+01 1.682268333435058594e+01
5.117346954345703125e+01 2.016767692565917969e+01
6.055294036865234375e+01 2.744470596313476562e+01
5.863953399658203125e+01 2.595833396911621094e+01
6.734666442871093750e+01 2.577724647521972656e+01
6.997222137451171875e+01 2.952540016174316406e+01
8.444999694824218750e+01 3.443323516845703125e+01
1.091739120483398438e+02 4.115310668945312500e+01
8.674137878417968750e+01 3.151275825500488281e+01
7.352941131591796875e+01 1.729286575317382812e+01
6.901370239257812500e+01 1.544277381896972656e+01
6.953424835205078125e+01 1.947255325317382812e+01
6.500000000000000000e+01 1.092833805084228516e+01
6.081927871704101562e+01 9.221693992614746094e+00
6.559740447998046875e+01 9.899835586547851562e+00
7.410294342041015625e+01 1.152891540527343750e+01
9.331481170654296875e+01 2.504057693481445312e+01
1.299743652343750000e+02 4.264191436767578125e+01
1.791785736083984375e+02 8.083715820312500000e+01
1.386216278076171875e+02 3.501301193237304688e+01
1.460285644531250000e+02 4.890718841552734375e+01
1.537575683593750000e+02 2.996364402770996094e+01
1.965000000000000000e+02 3.135804367065429688e+01
2.902777709960937500e+02 1.087462921142578125e+02
4.224615478515625000e+02 1.970164337158203125e+02
5.021818237304687500e+02 1.340927886962890625e+02
4.593636474609375000e+02 1.485084991455078125e+02
7.710000000000000000e+02 1.835864868164062500e+02
8.422857055664062500e+02 1.466625976562500000e+02
9.298333129882812500e+02 1.057866058349609375e+02
1.000000000000000000e+03 0.000000000000000000e+00
1.000000000000000000e+03 0.000000000000000000e+00
1.000000000000000000e+03 0.000000000000000000e+00
1.000000000000000000e+03 0.000000000000000000e+00
1.000000000000000000e+03 0.000000000000000000e+00
1.000000000000000000e+03 0.000000000000000000e+00
1.000000000000000000e+03 0.000000000000000000e+00
1.000000000000000000e+03 0.000000000000000000e+00
1.000000000000000000e+03 0.000000000000000000e+00
1.000000000000000000e+03 0.000000000000000000e+00
1.000000000000000000e+03 0.000000000000000000e+00
1.000000000000000000e+03 0.000000000000000000e+00
1.000000000000000000e+03 0.000000000000000000e+00
1.000000000000000000e+03 0.000000000000000000e+00
1.000000000000000000e+03 0.000000000000000000e+00
1.000000000000000000e+03 0.000000000000000000e+00
1.000000000000000000e+03 0.000000000000000000e+00
1.000000000000000000e+03 0.000000000000000000e+00
1.000000000000000000e+03 0.000000000000000000e+00
1.000000000000000000e+03 0.000000000000000000e+00
1.000000000000000000e+03 0.000000000000000000e+00
9.211666870117187500e+02 1.762766876220703125e+02
7.284285888671875000e+02 3.413924560546875000e+02
1.000000000000000000e+03 0.000000000000000000e+00
1.000000000000000000e+03 0.000000000000000000e+00
1.000000000000000000e+03 0.000000000000000000e+00
1.000000000000000000e+03 0.000000000000000000e+00
6.886250000000000000e+02 2.918338317871093750e+02
3.189411621093750000e+02 2.411615142822265625e+02
7.575714111328125000e+02 3.276199340820312500e+02
1.000000000000000000e+03 0.000000000000000000e+00
1.000000000000000000e+03 0.000000000000000000e+00
1.000000000000000000e+03 0.000000000000000000e+00
1.000000000000000000e+03 0.000000000000000000e+00
1.000000000000000000e+03 0.000000000000000000e+00
2.013043403625488281e+01 1.168268737792968750e+02
5.232217788696289062e+00 8.073307991027832031e+00
5.840697860717773438e+01 2.153060531616210938e+01
8.290164184570312500e+01 1.591339778900146484e+01
1.644838714599609375e+02 5.349577713012695312e+01
1.925384674072265625e+02 1.893322753906250000e+02
1.165116271972656250e+02 7.476454925537109375e+01
1.310243835449218750e+02 8.652688598632812500e+01
1.963846130371093750e+02 1.546213989257812500e+02
7.455714111328125000e+02 3.254894409179687500e+02
1.821428527832031250e+02 8.564991760253906250e+01
8.777192687988281250e+01 1.510665988922119141e+01
8.161289978027343750e+01 6.809279441833496094e+00
8.156451416015625000e+01 3.643912076950073242e+00
9.132727050781250000e+01 4.165025711059570312e+00
9.176363372802734375e+01 2.891766548156738281e+00
9.274073791503906250e+01 2.776790142059326172e+00
8.812281036376953125e+01 2.026752471923828125e+00
9.247272491455078125e+01 1.261291503906250000e+01
1.137555541992187500e+02 3.487893676757812500e+01
1.000000000000000000e+03 0.000000000000000000e+00
1.000000000000000000e+03 0.000000000000000000e+00
1.000000000000000000e+03 0.000000000000000000e+00
1.000000000000000000e+03 0.000000000000000000e+00
1.000000000000000000e+03 0.000000000000000000e+00
1.000000000000000000e+03 0.000000000000000000e+00
1.000000000000000000e+03 0.000000000000000000e+00
1.000000000000000000e+03 0.000000000000000000e+00
1.000000000000000000e+03 0.000000000000000000e+00
1.000000000000000000e+03 0.000000000000000000e+00
1.000000000000000000e+03 0.000000000000000000e+00
1.000000000000000000e+03 0.000000000000000000e+00
