1.003999996185302734e+01 8.937471389770507812e+00
1.174418640136718750e+01 6.731021881103515625e+00
1.482857131958007812e+01 6.855594635009765625e+00
2.052000045776367188e+01 1.052661418914794922e+01
3.433333206176757812e+01 1.352364253997802734e+01
3.200000000000000000e+01 1.307444763183593750e+01
4.708333206176757812e+01 3.086923408508300781e+01
4.308333206176757812e+01 1.883019828796386719e+01
5.788888931274414062e+01 2.095733451843261719e+01
4.891666793823242188e+01 1.863445854187011719e+01
6.300000000000000000e+01 2.501999282836914062e+01
5.800000000000000000e+01 2.434018135070800781e+01
6.375000000000000000e+01 2.071080589294433594e+01
5.400000000000000000e+01 1.688194274902343750e+01
5.109999847412109375e+01 1.944967842102050781e+01
5.150000000000000000e+01 2.106299972534179688e+01
4.645454406738281250e+01 1.190388488769531250e+01
5.566666793823242188e+01 3.265645980834960938e+01
3.853845977783203125e+01 1.893151855468750000e+01
3.459999847412109375e+01 1.672841835021972656e+01
3.600000000000000000e+01 1.681835746765136719e+01
3.853845977783203125e+01 1.726987266540527344e+01
4.266666793823242188e+01 1.793197059631347656e+01
5.688888931274414062e+01 2.176359939575195312e+01
6.337500000000000000e+01 1.509087085723876953e+01
7.200000000000000000e+01 2.472347068786621094e+01
9.516666412353515625e+01 1.921298789978027344e+01
7.871428680419921875e+01 2.145236778259277344e+01
7.528571319580078125e+01 1.604203796386718750e+01
7.242857360839843750e+01 1.781538009643554688e+01
7.271428680419921875e+01 2.416440200805664062e+01
7.614286041259765625e+01 1.073616790771484375e+01
6.737500000000000000e+01 1.581089401245117188e+01
5.977777862548828125e+01 1.463464450836181641e+01
6.737500000000000000e+01 1.502445888519287109e+01
6.144444274902343750e+01 5.678637027740478516e+00
9.083333587646484375e+01 1.951424026489257812e+01
1.108000030517578125e+02 1.628987503051757812e+01
1.357500000000000000e+02 8.605921173095703125e+01
9.916666412353515625e+01 3.459969329833984375e+01
1.074000015258789062e+02 2.211424827575683594e+01
8.433333587646484375e+01 1.317404842376708984e+01
8.350000000000000000e+01 7.952986717224121094e+00
8.566666412353515625e+01 9.177266120910644531e+00
5.722222137451171875e+01 1.904834556579589844e+01
5.811111068725585938e+01 1.707138252258300781e+01
5.944444274902343750e+01 1.027522468566894531e+01
5.320000076293945312e+01 1.024499893188476562e+01
5.788888931274414062e+01 8.937368392944335938e+00
4.927272796630859375e+01 1.580040740966796875e+01
5.700000000000000000e+01 8.768630981445312500e+00
5.179999923706054688e+01 7.222187995910644531e+00
5.922222137451171875e+01 1.848589706420898438e+01
7.225000000000000000e+01 1.056823062896728516e+01
5.711111068725585938e+01 2.438781166076660156e+01
7.671428680419921875e+01 1.095072460174560547e+01
8.314286041259765625e+01 2.868264007568359375e+01
9.266666412353515625e+01 1.806162261962890625e+01
1.038000030517578125e+02 2.512687683105468750e+01
1.313999938964843750e+02 3.849467468261718750e+01
1.660000000000000000e+02 1.635542678833007812e+01
1.866666717529296875e+02 1.583947277069091797e+01
3.700000000000000000e+02 1.500000000000000000e+01
2.610000000000000000e+02 1.330000000000000000e+02
2.390000000000000000e+02 4.475116348266601562e+01
2.233333282470703125e+02 8.124996185302734375e+01
2.313333282470703125e+02 3.895581436157226562e+01
1.690000000000000000e+02 2.491318321228027344e+01
1.893333282470703125e+02 1.381625366210937500e+01
1.720000000000000000e+02 9.594789886474609375e+01
4.410000000000000000e+02 1.150000000000000000e+02
7.710000000000000000e+02 0.000000000000000000e+00
8.140000000000000000e+02 0.000000000000000000e+00
1.000000000000000000e+03 0.000000000000000000e+00
4.870000000000000000e+02 3.430000000000000000e+02
1.000000000000000000e+03 0.000000000000000000e+00
1.000000000000000000e+03 0.000000000000000000e+00
1.000000000000000000e+03 0.000000000000000000e+00
3.230000000000000000e+02 6.400000000000000000e+01
6.470000000000000000e+02 0.000000000000000000e+00
6.260000000000000000e+02 0.000000000000000000e+00
4.170000000000000000e+02 4.500000000000000000e+01
5.220000000000000000e+02 0.000000000000000000e+00
5.440000000000000000e+02 0.000000000000000000e+00
4.155000000000000000e+02 1.350000000000000000e+01
4.380000000000000000e+02 5.700000000000000000e+01
3.815000000000000000e+02 1.915000000000000000e+02
1.842500000000000000e+02 1.004200515747070312e+02
1.453999938964843750e+02 8.568920135498046875e+01
1.021999969482421875e+02 5.561079025268554688e+01
7.700000000000000000e+01 3.335951232910156250e+01
6.487500000000000000e+01 2.094300270080566406e+01
5.100000000000000000e+01 1.167904090881347656e+01
6.250000000000000000e+01 3.338038253784179688e+01
4.736363601684570312e+01 1.451189231872558594e+01
4.000000000000000000e+01 1.056117725372314453e+01
4.275000000000000000e+01 8.861198425292968750e+00
5.179999923706054688e+01 2.097045516967773438e+01
5.833333206176757812e+01 2.215601158142089844e+01
7.385713958740234375e+01 2.786410140991210938e+01
