8.970149040222167969e+00 4.492016792297363281e+00
1.337777805328369141e+01 7.838052272796630859e+00
1.743243217468261719e+01 1.261603450775146484e+01
2.630434799194335938e+01 1.707638740539550781e+01
4.407143020629882812e+01 1.751923179626464844e+01
4.106666564941406250e+01 1.455777740478515625e+01
3.014285659790039062e+01 1.547128200531005859e+01
6.036363601684570312e+01 2.499917411804199219e+01
5.250000000000000000e+01 2.142622947692871094e+01
5.654545593261718750e+01 2.572711181640625000e+01
6.690000152587890625e+01 2.671497726440429688e+01
5.790909194946289062e+01 1.640096664428710938e+01
5.533333206176757812e+01 1.596002006530761719e+01
7.466666412353515625e+01 2.131770324707031250e+01
7.422222137451171875e+01 2.661986541748046875e+01
8.750000000000000000e+01 2.811138534545898438e+01
6.833333587646484375e+01 2.462158012390136719e+01
6.688888549804687500e+01 2.766242599487304688e+01
6.755555725097656250e+01 2.662543296813964844e+01
8.957142639160156250e+01 2.017676925659179688e+01
8.300000000000000000e+01 2.998749732971191406e+01
8.050000000000000000e+01 2.418677330017089844e+01
6.469999694824218750e+01 2.093824195861816406e+01
5.275000000000000000e+01 2.115074920654296875e+01
5.083333206176757812e+01 1.340915966033935547e+01
7.912500000000000000e+01 2.653034782409667969e+01
7.622222137451171875e+01 2.177040481567382812e+01
6.229999923706054688e+01 1.991004753112792969e+01
7.088888549804687500e+01 2.069054794311523438e+01
8.000000000000000000e+01 3.109662437438964844e+01
6.469999694824218750e+01 2.407924461364746094e+01
8.137500000000000000e+01 2.125992393493652344e+01
1.002857131958007812e+02 2.270125579833984375e+01
9.057142639160156250e+01 3.301453018188476562e+01
7.266666412353515625e+01 1.492201995849609375e+01
6.811111450195312500e+01 1.513967895507812500e+01
8.162500000000000000e+01 1.630136108398437500e+01
8.300000000000000000e+01 1.847971916198730469e+01
7.533333587646484375e+01 2.458093070983886719e+01
9.642857360839843750e+01 3.198596572875976562e+01
1.113333358764648438e+02 1.504068565368652344e+01
1.211666641235351562e+02 2.745552062988281250e+01
1.340000000000000000e+02 2.869843101501464844e+01
1.022500000000000000e+02 7.368302154541015625e+01
9.125000000000000000e+01 4.074539947509765625e+01
1.115714263916015625e+02 9.372734832763671875e+01
8.757142639160156250e+01 2.552789497375488281e+01
1.507500000000000000e+02 5.553996276855468750e+01
1.550000000000000000e+02 7.646894836425781250e+01
1.116666641235351562e+02 3.765486526489257812e+01
2.446666717529296875e+02 5.395265579223632812e+01
2.115000000000000000e+02 1.135352401733398438e+02
1.690000000000000000e+02 1.060117950439453125e+02
2.446666717529296875e+02 3.324989700317382812e+01
1.982500000000000000e+02 1.075229644775390625e+02
2.556666717529296875e+02 1.507234344482421875e+02
2.230000000000000000e+02 4.216633605957031250e+01
2.310000000000000000e+02 1.714467773437500000e+02
1.136666641235351562e+02 4.482434844970703125e+01
2.943333435058593750e+02 1.423524627685546875e+02
2.011999969482421875e+02 1.507692260742187500e+02
3.345000000000000000e+02 1.125000000000000000e+02
5.470000000000000000e+02 4.530000000000000000e+02
7.170000000000000000e+02 0.000000000000000000e+00
4.670000000000000000e+02 2.230000000000000000e+02
3.910000000000000000e+02 1.460000000000000000e+02
3.763333435058593750e+02 1.968118133544921875e+02
1.000000000000000000e+03 0.000000000000000000e+00
7.360000000000000000e+02 0.000000000000000000e+00
1.542500000000000000e+02 8.022585296630859375e+01
9.057142639160156250e+01 3.122204971313476562e+01
7.100000000000000000e+01 1.471960163116455078e+01
7.587500000000000000e+01 1.563199806213378906e+01
6.500000000000000000e+01 1.198332214355468750e+01
6.220000076293945312e+01 7.138627529144287109e+00
6.530000305175781250e+01 6.325345516204833984e+00
6.100000000000000000e+01 5.674504280090332031e+00
7.177777862548828125e+01 1.013001823425292969e+01
8.350000000000000000e+01 2.283090019226074219e+01
1.038571395874023438e+02 2.325896835327148438e+01
2.546666717529296875e+02 9.017144012451171875e+01
2.573333435058593750e+02 6.967703247070312500e+01
1.381999969482421875e+02 3.509643554687500000e+01
1.130000000000000000e+02 3.112876510620117188e+01
1.033333358764648438e+02 1.344949436187744141e+01
9.000000000000000000e+01 1.220070266723632812e+01
1.028333358764648438e+02 2.139639091491699219e+01
1.096666641235351562e+02 1.273664855957031250e+01
1.211999969482421875e+02 2.246241378784179688e+01
1.732500000000000000e+02 4.996686553955078125e+01
1.857500000000000000e+02 2.769815063476562500e+01
3.330000000000000000e+02 2.800000000000000000e+01
1.000000000000000000e+03 0.000000000000000000e+00
1.000000000000000000e+03 0.000000000000000000e+00
1.000000000000000000e+03 0.000000000000000000e+00
1.000000000000000000e+03 0.000000000000000000e+00
1.000000000000000000e+03 0.000000000000000000e+00
5.355000000000000000e+02 4.645000000000000000e+02
6.145000000000000000e+02 3.855000000000000000e+02
1.000000000000000000e+03 0.000000000000000000e+00
