9.152968406677246094e+00 5.150420188903808594e+00
1.261163520812988281e+01 7.573858261108398438e+00
1.796861076354980469e+01 1.109857559204101562e+01
2.431325340270996094e+01 1.493836975097656250e+01
3.106976699829101562e+01 1.696950531005859375e+01
3.783490753173828125e+01 1.962372779846191406e+01
4.526553726196289062e+01 2.261199760437011719e+01
5.036478042602539062e+01 2.073444557189941406e+01
5.556944274902343750e+01 1.911974334716796875e+01
5.358278274536132812e+01 2.377749061584472656e+01
5.401342391967773438e+01 1.899027824401855469e+01
5.465306091308593750e+01 2.098287391662597656e+01
5.196104049682617188e+01 1.884553909301757812e+01
5.522068786621093750e+01 1.950436592102050781e+01
5.560416793823242188e+01 2.111253547668457031e+01
5.896323394775390625e+01 2.337966918945312500e+01
6.305511856079101562e+01 2.457298469543457031e+01
6.578688812255859375e+01 2.905964088439941406e+01
7.622641754150390625e+01 2.564756774902343750e+01
8.447368621826171875e+01 3.253947830200195312e+01
9.113636016845703125e+01 3.031283187866210938e+01
9.348837280273437500e+01 3.804793548583984375e+01
9.022471618652343750e+01 2.663348960876464844e+01
8.669892120361328125e+01 3.046336936950683594e+01
8.715217590332031250e+01 2.846238517761230469e+01
8.607527160644531250e+01 2.875376892089843750e+01
9.211494445800781250e+01 3.152536964416503906e+01
8.709782409667968750e+01 2.149370956420898438e+01
8.792391204833984375e+01 2.638273239135742188e+01
9.496470642089843750e+01 2.487211799621582031e+01
1.015822753906250000e+02 3.523792648315429688e+01
1.036153869628906250e+02 3.081717491149902344e+01
1.081486511230468750e+02 3.265656280517578125e+01
1.031666641235351562e+02 2.496634292602539062e+01
1.153000030517578125e+02 3.692825317382812500e+01
1.277142868041992188e+02 4.474563980102539062e+01
1.270937500000000000e+02 4.260344696044921875e+01
1.257656250000000000e+02 5.059172821044921875e+01
1.431578979492187500e+02 4.316260147094726562e+01
1.474545440673828125e+02 5.240361404418945312e+01
1.472727203369140625e+02 4.858374404907226562e+01
1.527358551025390625e+02 5.595454788208007812e+01
1.679166717529296875e+02 6.001174545288085938e+01
1.622200012207031250e+02 7.305539703369140625e+01
1.681875000000000000e+02 7.267956542968750000e+01
1.803555603027343750e+02 8.096971893310546875e+01
1.790000000000000000e+02 6.495331573486328125e+01
1.633399963378906250e+02 6.966595458984375000e+01
1.910952453613281250e+02 8.683093261718750000e+01
2.232777709960937500e+02 9.722586059570312500e+01
2.130263214111328125e+02 1.013120422363281250e+02
2.002682952880859375e+02 6.686901092529296875e+01
2.530625000000000000e+02 1.836902770996093750e+02
1.981860504150390625e+02 8.744759368896484375e+01
1.791333312988281250e+02 8.175643920898437500e+01
2.163243255615234375e+02 1.315420074462890625e+02
1.670000000000000000e+02 9.808159637451171875e+01
2.156578979492187500e+02 1.519874114990234375e+02
2.466176452636718750e+02 1.570117950439453125e+02
1.965609741210937500e+02 7.857047271728515625e+01
2.995185241699218750e+02 1.442252197265625000e+02
5.156875000000000000e+02 3.059876708984375000e+02
3.645454406738281250e+02 2.533062744140625000e+02
5.332500000000000000e+02 3.078403625488281250e+02
9.174444580078125000e+02 1.615502014160156250e+02
6.741666870117187500e+02 3.443803405761718750e+02
4.875294189453125000e+02 3.479694213867187500e+02
7.313333129882812500e+02 3.405139160156250000e+02
8.893333129882812500e+02 2.129830474853515625e+02
8.520999755859375000e+02 2.441222991943359375e+02
9.663333129882812500e+02 9.522370910644531250e+01
8.492999877929687500e+02 3.014239807128906250e+02
8.062000122070312500e+02 3.302607421875000000e+02
7.415000000000000000e+02 2.597266235351562500e+02
7.931818237304687500e+02 3.082996826171875000e+02
8.605000000000000000e+02 2.214643249511718750e+02
8.290000000000000000e+02 2.715349121093750000e+02
6.866666870117187500e+02 3.328989562988281250e+02
6.802500000000000000e+02 3.613018188476562500e+02
8.090000000000000000e+02 2.583861389160156250e+02
1.000000000000000000e+03 0.000000000000000000e+00
1.000000000000000000e+03 0.000000000000000000e+00
1.000000000000000000e+03 0.000000000000000000e+00
1.000000000000000000e+03 0.000000000000000000e+00
1.000000000000000000e+03 0.000000000000000000e+00
8.164000244140625000e+02 2.842320251464843750e+02
9.065555419921875000e+02 2.053355712890625000e+02
8.815999755859375000e+02 2.757633666992187500e+02
4.807647094726562500e+02 3.182484436035156250e+02
7.413636474609375000e+02 3.393036499023437500e+02
1.000000000000000000e+03 0.000000000000000000e+00
9.904444580078125000e+02 1.978838539123535156e+01
8.445000000000000000e+02 2.933370971679687500e+02
5.029411621093750000e+02 3.582704467773437500e+02
4.709473571777343750e+02 3.448649291992187500e+02
4.933529357910156250e+02 3.004512023925781250e+02
6.576923217773437500e+02 3.360644226074218750e+02
8.552000122070312500e+02 2.761828308105468750e+02
8.099000244140625000e+02 2.980326843261718750e+02
7.644545288085937500e+02 3.427210083007812500e+02
