8.189188957214355469e+00 3.930737018585205078e+00
1.476190471649169922e+01 1.094098758697509766e+01
1.504545497894287109e+01 8.270853996276855469e+00
2.139999961853027344e+01 1.017709827423095703e+01
2.700000000000000000e+01 1.131370830535888672e+01
5.585714340209960938e+01 2.058729553222656250e+01
4.512500000000000000e+01 2.242452621459960938e+01
4.471428680419921875e+01 5.118992328643798828e+00
4.557143020629882812e+01 2.722319030761718750e+01
6.880000305175781250e+01 2.501519584655761719e+01
6.780000305175781250e+01 1.803773689270019531e+01
4.428571319580078125e+01 1.562703037261962891e+01
4.814285659790039062e+01 1.460360622406005859e+01
4.900000000000000000e+01 1.553797245025634766e+01
3.081818199157714844e+01 1.823492240905761719e+01
4.614285659790039062e+01 1.883331871032714844e+01
5.150000000000000000e+01 1.347528553009033203e+01
6.719999694824218750e+01 2.699925804138183594e+01
1.120000000000000000e+02 1.023067283630371094e+01
1.173333358764648438e+02 1.596523952484130859e+01
7.180000305175781250e+01 2.857551383972167969e+01
7.940000152587890625e+01 2.826021957397460938e+01
6.659999847412109375e+01 2.085761260986328125e+01
8.625000000000000000e+01 6.905613422393798828e+00
6.050000000000000000e+01 1.561783218383789062e+01
6.500000000000000000e+01 1.274362564086914062e+01
7.319999694824218750e+01 8.280097007751464844e+00
5.366666793823242188e+01 1.819035148620605469e+01
5.416666793823242188e+01 1.390942955017089844e+01
5.085714340209960938e+01 2.306158638000488281e+01
5.100000000000000000e+01 1.859211349487304688e+01
6.940000152587890625e+01 7.863841056823730469e+00
5.083333206176757812e+01 2.077993202209472656e+01
6.279999923706054688e+01 4.833218574523925781e+00
1.012500000000000000e+02 2.855148887634277344e+01
1.123333358764648438e+02 5.939884185791015625e+01
7.380000305175781250e+01 2.444094848632812500e+01
1.040000000000000000e+02 6.683312416076660156e+00
1.096666641235351562e+02 4.067213058471679688e+01
8.975000000000000000e+01 3.406152343750000000e+01
1.493333282470703125e+02 5.044689178466796875e+01
7.925000000000000000e+01 1.047317981719970703e+01
8.975000000000000000e+01 1.794958305358886719e+01
1.146666641235351562e+02 4.087650680541992188e+01
1.112500000000000000e+02 3.532969665527343750e+01
1.180000000000000000e+02 3.269046783447265625e+01
7.850000000000000000e+01 3.173720169067382812e+01
1.300000000000000000e+02 3.212475585937500000e+01
1.103333358764648438e+02 7.039570808410644531e+00
1.610000000000000000e+02 2.100000000000000000e+01
9.900000000000000000e+01 3.853569793701171875e+01
7.750000000000000000e+01 2.528339385986328125e+01
8.375000000000000000e+01 1.520485115051269531e+01
9.500000000000000000e+01 4.191061782836914062e+01
9.325000000000000000e+01 2.635692596435546875e+01
1.023333358764648438e+02 2.329997634887695312e+01
9.500000000000000000e+01 2.528833770751953125e+01
1.555000000000000000e+02 4.850000000000000000e+01
1.256666641235351562e+02 1.319932651519775391e+01
1.400000000000000000e+02 2.449489831924438477e+00
1.260000000000000000e+02 1.469693851470947266e+01
1.266666641235351562e+02 3.092284393310546875e+01
1.033333358764648438e+02 9.672412872314453125e+00
8.375000000000000000e+01 4.023369312286376953e+00
6.880000305175781250e+01 8.034924507141113281e+00
5.916666793823242188e+01 5.785518646240234375e+00
5.366666793823242188e+01 9.498538017272949219e+00
5.500000000000000000e+01 7.371114730834960938e+00
4.700000000000000000e+01 5.291502475738525391e+00
5.150000000000000000e+01 2.021344375610351562e+01
5.116666793823242188e+01 4.297932624816894531e+00
5.350000000000000000e+01 4.310839176177978516e+00
5.250000000000000000e+01 4.193248748779296875e+00
5.283333206176757812e+01 7.754926681518554688e+00
5.650000000000000000e+01 3.989569664001464844e+00
5.500000000000000000e+01 4.123105525970458984e+00
5.950000000000000000e+01 4.958158493041992188e+00
6.980000305175781250e+01 7.833262443542480469e+00
7.650000000000000000e+01 7.697402000427246094e+00
7.280000305175781250e+01 6.968500614166259766e+00
1.002500000000000000e+02 1.391716575622558594e+01
8.675000000000000000e+01 1.478808689117431641e+01
1.170000000000000000e+02 2.004993820190429688e+01
1.226666641235351562e+02 7.408703804016113281e+00
8.425000000000000000e+01 2.493366241455078125e+01
2.005000000000000000e+02 2.550000000000000000e+01
1.625000000000000000e+02 7.500000000000000000e+00
1.510000000000000000e+02 5.800000000000000000e+01
2.280000000000000000e+02 6.000000000000000000e+00
5.340000000000000000e+02 0.000000000000000000e+00
2.325000000000000000e+02 1.455000000000000000e+02
1.330000000000000000e+02 3.179098510742187500e+01
1.500000000000000000e+02 1.000000000000000000e+01
1.406666717529296875e+02 2.098147201538085938e+01
1.017500000000000000e+02 2.305834960937500000e+01
1.090000000000000000e+02 3.043024826049804688e+01
1.016666641235351562e+02 9.533566474914550781e+00
8.550000000000000000e+01 1.712454414367675781e+01
1.066666641235351562e+02 1.621384811401367188e+01
1.630000000000000000e+02 3.262923049926757812e+01
