9.547169685363769531e+00 5.637027263641357422e+00
1.402739715576171875e+01 1.090804958343505859e+01
1.787500000000000000e+01 1.052219200134277344e+01
2.900000000000000000e+01 1.581861495971679688e+01
2.997058868408203125e+01 1.531720542907714844e+01
4.636363601684570312e+01 1.485856151580810547e+01
4.491304397583007812e+01 2.210432434082031250e+01
4.147999954223632812e+01 1.304183959960937500e+01
5.175000000000000000e+01 1.727679061889648438e+01
4.554545593261718750e+01 1.426925086975097656e+01
4.404166793823242188e+01 1.684606552124023438e+01
4.279166793823242188e+01 1.504708957672119141e+01
4.750000000000000000e+01 1.783956336975097656e+01
4.254166793823242188e+01 1.448556518554687500e+01
4.947618865966796875e+01 1.604048156738281250e+01
3.957692337036132812e+01 1.405804634094238281e+01
4.052000045776367188e+01 1.381048965454101562e+01
4.163999938964843750e+01 1.453789520263671875e+01
3.857692337036132812e+01 1.206448364257812500e+01
4.456521606445312500e+01 1.331173419952392578e+01
4.329166793823242188e+01 1.143998622894287109e+01
5.744444274902343750e+01 1.865244102478027344e+01
5.621052551269531250e+01 2.271002388000488281e+01
6.035293960571289062e+01 2.169559669494628906e+01
7.514286041259765625e+01 3.136617279052734375e+01
6.470587921142578125e+01 3.542807769775390625e+01
9.745454406738281250e+01 2.887705612182617188e+01
8.866666412353515625e+01 2.570451545715332031e+01
9.118181610107421875e+01 3.046553421020507812e+01
9.145454406738281250e+01 4.897933197021484375e+01
9.033333587646484375e+01 4.265429306030273438e+01
1.091999969482421875e+02 2.993593025207519531e+01
9.563636016845703125e+01 2.675570487976074219e+01
7.171428680419921875e+01 3.530363845825195312e+01
1.059000015258789062e+02 3.786938095092773438e+01
1.028181838989257812e+02 2.253812217712402344e+01
1.348750000000000000e+02 4.471978759765625000e+01
1.011999969482421875e+02 2.868728065490722656e+01
9.345454406738281250e+01 3.147398185729980469e+01
9.781818389892578125e+01 2.924758911132812500e+01
9.618181610107421875e+01 3.832354736328125000e+01
1.000000000000000000e+02 3.107176399230957031e+01
1.418750000000000000e+02 4.241885757446289062e+01
8.123076629638671875e+01 3.161828422546386719e+01
8.184615325927734375e+01 2.634926986694335938e+01
8.138461303710937500e+01 1.708142662048339844e+01
9.881818389892578125e+01 4.315472793579101562e+01
8.346154022216796875e+01 2.995025444030761719e+01
1.163333358764648438e+02 3.629814910888671875e+01
1.176666641235351562e+02 5.682917785644531250e+01
1.014545440673828125e+02 2.588563537597656250e+01
1.381250000000000000e+02 3.638488006591796875e+01
1.641428527832031250e+02 1.067445907592773438e+02
1.342500000000000000e+02 3.248749923706054688e+01
1.683333282470703125e+02 8.898439788818359375e+01
1.009000015258789062e+02 3.575038528442382812e+01
1.130999984741210938e+02 5.762369537353515625e+01
8.658333587646484375e+01 4.999242782592773438e+01
9.000000000000000000e+01 1.972308349609375000e+01
8.130769348144531250e+01 2.155274200439453125e+01
8.330769348144531250e+01 2.956188964843750000e+01
9.245454406738281250e+01 4.594930648803710938e+01
9.136363983154296875e+01 2.872842407226562500e+01
9.263636016845703125e+01 4.869809341430664062e+01
1.114000015258789062e+02 4.331558609008789062e+01
1.117777786254882812e+02 3.537977218627929688e+01
1.460000000000000000e+02 7.575783538818359375e+01
1.461428527832031250e+02 3.775646972656250000e+01
1.518571472167968750e+02 7.745676422119140625e+01
2.180000000000000000e+02 5.814808654785156250e+01
4.340000000000000000e+02 1.475398254394531250e+02
2.822500000000000000e+02 1.729629669189453125e+02
3.503333435058593750e+02 1.709236297607421875e+02
5.835000000000000000e+02 3.205000000000000000e+02
6.640000000000000000e+02 1.300000000000000000e+01
2.632000122070312500e+02 1.191056671142578125e+02
3.397500000000000000e+02 1.047171783447265625e+02
2.056000061035156250e+02 9.488435363769531250e+01
1.861428527832031250e+02 1.143246383666992188e+02
1.472857208251953125e+02 4.752958297729492188e+01
1.554285736083984375e+02 5.410005569458007812e+01
1.015454559326171875e+02 3.996217346191406250e+01
9.150000000000000000e+01 1.674066925048828125e+01
6.337500000000000000e+01 2.250798416137695312e+01
7.492857360839843750e+01 2.600402069091796875e+01
7.714286041259765625e+01 2.228983497619628906e+01
7.961538696289062500e+01 1.922953796386718750e+01
9.141666412353515625e+01 1.948272132873535156e+01
9.309091186523437500e+01 4.024347305297851562e+01
1.800000000000000000e+02 1.209035415649414062e+02
3.443333435058593750e+02 1.792323150634765625e+02
1.380000000000000000e+02 4.347412872314453125e+01
6.393750000000000000e+01 1.905409622192382812e+01
5.000000000000000000e+01 1.374408912658691406e+01
4.452173995971679688e+01 1.043351364135742188e+01
4.143999862670898438e+01 1.181890010833740234e+01
4.354166793823242188e+01 9.178685188293457031e+00
4.942856979370117188e+01 2.649091529846191406e+01
4.900000000000000000e+01 8.591246604919433594e+00
7.723076629638671875e+01 4.912958526611328125e+01
