9.399061203002929688e+00 5.432073116302490234e+00
1.320261478424072266e+01 8.224274635314941406e+00
1.675833320617675781e+01 1.015217208862304688e+01
2.666666603088378906e+01 1.381818389892578125e+01
2.927536201477050781e+01 1.477648353576660156e+01
3.783018875122070312e+01 1.797769737243652344e+01
4.631818008422851562e+01 1.870314979553222656e+01
5.235897445678710938e+01 2.373625183105468750e+01
5.365789413452148438e+01 1.877466964721679688e+01
5.315789413452148438e+01 1.976776504516601562e+01
4.921428680419921875e+01 1.930523681640625000e+01
5.292307662963867188e+01 1.558168697357177734e+01
5.015000152587890625e+01 1.796600914001464844e+01
4.978048706054687500e+01 1.683421707153320312e+01
4.948780441284179688e+01 1.653543281555175781e+01
5.095000076293945312e+01 1.684629058837890625e+01
5.287179565429687500e+01 1.848794364929199219e+01
6.464516448974609375e+01 2.192737197875976562e+01
5.586111068725585938e+01 1.978516960144042969e+01
7.044827270507812500e+01 2.427512931823730469e+01
7.013793182373046875e+01 3.257111358642578125e+01
8.926087188720703125e+01 3.068382644653320312e+01
8.520833587646484375e+01 3.202209854125976562e+01
9.642857360839843750e+01 3.549858856201171875e+01
9.676190185546875000e+01 3.552853012084960938e+01
1.046500015258789062e+02 3.495465087890625000e+01
1.000999984741210938e+02 3.322634506225585938e+01
1.123333358764648438e+02 4.701772689819335938e+01
1.008000030517578125e+02 3.810459136962890625e+01
1.060000000000000000e+02 4.107246398925781250e+01
1.116666641235351562e+02 3.601079940795898438e+01
1.014499969482421875e+02 3.302798080444335938e+01
1.074736862182617188e+02 2.422779655456542969e+01
1.381999969482421875e+02 6.073571014404296875e+01
1.401333312988281250e+02 4.800537109375000000e+01
1.296875000000000000e+02 3.646011352539062500e+01
1.099473648071289062e+02 3.458090972900390625e+01
1.063684234619140625e+02 3.356566238403320312e+01
1.265625000000000000e+02 5.250710678100585938e+01
1.547692260742187500e+02 6.919443511962890625e+01
1.494285736083984375e+02 7.923717498779296875e+01
1.465333404541015625e+02 5.298788070678710938e+01
1.576923065185546875e+02 7.958003997802734375e+01
1.556153869628906250e+02 6.749420166015625000e+01
1.705833282470703125e+02 1.036512298583984375e+02
1.437857208251953125e+02 4.648375701904296875e+01
1.193684234619140625e+02 5.773734664916992188e+01
1.122222213745117188e+02 5.043318557739257812e+01
1.120555572509765625e+02 3.419466018676757812e+01
1.224117660522460938e+02 5.000830078125000000e+01
1.086842117309570312e+02 3.156455802917480469e+01
1.228888854980468750e+02 5.270240020751953125e+01
1.254375000000000000e+02 4.873521423339843750e+01
2.071999969482421875e+02 8.256488037109375000e+01
2.128000030517578125e+02 1.264047470092773438e+02
2.601250000000000000e+02 1.434428710937500000e+02
1.938181762695312500e+02 8.988357543945312500e+01
1.390000000000000000e+02 5.232590103149414062e+01
1.180000000000000000e+02 4.209373092651367188e+01
1.052631607055664062e+02 3.018163108825683594e+01
1.212941207885742188e+02 3.178005981445312500e+01
1.532142791748046875e+02 4.514133071899414062e+01
2.095000000000000000e+02 8.513548278808593750e+01
3.611428527832031250e+02 2.128785095214843750e+02
5.845999755859375000e+02 3.529349060058593750e+02
3.380000000000000000e+02 3.191645202636718750e+02
2.263636322021484375e+02 1.117084426879882812e+02
1.593571472167968750e+02 1.040127792358398438e+02
1.693846130371093750e+02 9.746520996093750000e+01
1.810000000000000000e+02 5.332135391235351562e+01
1.259411773681640625e+02 4.725708770751953125e+01
1.140526351928710938e+02 5.294731521606445312e+01
2.376666717529296875e+02 1.429343261718750000e+02
3.477500000000000000e+02 3.104371032714843750e+02
8.576666870117187500e+02 2.012897338867187500e+02
5.872500000000000000e+02 3.313452758789062500e+02
6.292500000000000000e+02 2.508449401855468750e+02
1.610769195556640625e+02 1.063300170898437500e+02
1.110000000000000000e+02 5.777451705932617188e+01
9.404545593261718750e+01 3.240858078002929688e+01
1.298125000000000000e+02 7.963449096679687500e+01
1.784166717529296875e+02 9.028147125244140625e+01
2.463333282470703125e+02 1.375839233398437500e+02
2.505000000000000000e+02 7.006604003906250000e+01
1.553076934814453125e+02 1.156010284423828125e+02
2.001999969482421875e+02 1.168304748535156250e+02
2.222222290039062500e+02 8.822166442871093750e+01
3.848571472167968750e+02 2.790183715820312500e+02
2.512222290039062500e+02 9.273352050781250000e+01
1.944545440673828125e+02 1.308895263671875000e+02
2.562500000000000000e+02 1.343109741210937500e+02
1.527333374023437500e+02 1.203702545166015625e+02
1.369375000000000000e+02 6.143133163452148438e+01
1.640000000000000000e+02 1.569899597167968750e+02
2.414444427490234375e+02 1.419734802246093750e+02
7.680000000000000000e+02 2.995741271972656250e+02
1.000000000000000000e+03 0.000000000000000000e+00
1.000000000000000000e+03 0.000000000000000000e+00
1.000000000000000000e+03 0.000000000000000000e+00
1.000000000000000000e+03 0.000000000000000000e+00
