9.005395889282226562e+00 5.436187267303466797e+00
5.284054756164550781e+00 1.425588130950927734e+00
1.696949195861816406e+01 8.905288696289062500e+00
4.638218879699707031e+00 1.058977603912353516e+00
8.174836158752441406e+00 3.323095083236694336e+00
1.808303260803222656e+01 1.116225814819335938e+01
9.481060981750488281e+00 5.022640228271484375e+00
2.527777862548828125e+01 1.561398601531982422e+01
1.288205146789550781e+01 8.865747451782226562e+00
1.452173900604248047e+01 9.527699470520019531e+00
1.831751823425292969e+01 1.163078212738037109e+01
2.202193069458007812e+01 7.780116558074951172e+00
2.415942001342773438e+01 9.497962951660156250e+00
2.279090881347656250e+01 7.325044631958007812e+00
2.236607170104980469e+01 6.721494674682617188e+00
2.167099571228027344e+01 7.597845077514648438e+00
2.309677505493164062e+01 7.999702453613281250e+00
2.370282936096191406e+01 7.874091148376464844e+00
2.340654182434082031e+01 7.079531669616699219e+00
2.337383270263671875e+01 7.256351947784423828e+00
2.270135688781738281e+01 7.172814846038818359e+00
2.372985839843750000e+01 7.706586360931396484e+00
2.342523384094238281e+01 8.229847908020019531e+00
2.370616149902343750e+01 7.422835350036621094e+00
2.250224304199218750e+01 6.566578865051269531e+00
2.322222137451171875e+01 7.764870643615722656e+00
2.283561706542968750e+01 7.033540725708007812e+00
2.343457984924316406e+01 7.360091686248779297e+00
2.259909820556640625e+01 7.059375286102294922e+00
2.327441787719726562e+01 8.299287796020507812e+00
2.380568695068359375e+01 8.496732711791992188e+00
2.343457984924316406e+01 7.883078098297119141e+00
2.445853614807128906e+01 8.787157058715820312e+00
2.388095283508300781e+01 8.169636726379394531e+00
2.299082565307617188e+01 7.682334423065185547e+00
2.308294868469238281e+01 7.471761703491210938e+00
2.233035659790039062e+01 7.353192329406738281e+00
2.302293586730957031e+01 6.929820537567138672e+00
2.300917434692382812e+01 7.604918479919433594e+00
2.303669738769531250e+01 7.270559787750244141e+00
2.249327278137207031e+01 6.361931324005126953e+00
2.389523887634277344e+01 7.952745914459228516e+00
2.296330261230468750e+01 6.861576080322265625e+00
2.280909156799316406e+01 7.214248180389404297e+00
2.309677505493164062e+01 7.262988090515136719e+00
2.349295806884765625e+01 7.183457851409912109e+00
2.362735939025878906e+01 7.476239681243896484e+00
2.328837203979492188e+01 7.518696308135986328e+00
2.277828025817871094e+01 6.491950035095214844e+00
2.220353889465332031e+01 6.794270515441894531e+00
2.266968345642089844e+01 7.249555110931396484e+00
2.253603553771972656e+01 6.729393005371093750e+00
2.347417831420898438e+01 7.802463531494140625e+00
2.376777267456054688e+01 7.827409744262695312e+00
2.312844085693359375e+01 7.594180583953857422e+00
2.339719581604003906e+01 6.936035156250000000e+00
2.233035659790039062e+01 7.085433483123779297e+00
2.354460144042968750e+01 7.660895824432373047e+00
2.255405426025390625e+01 6.155950546264648438e+00
2.289041137695312500e+01 6.689244270324707031e+00
2.278181838989257812e+01 6.739816188812255859e+00
2.271040725708007812e+01 6.409645080566406250e+00
2.208810615539550781e+01 5.682586669921875000e+00
2.305069160461425781e+01 6.567073822021484375e+00
2.242600822448730469e+01 6.312677860260009766e+00
2.220796394348144531e+01 5.786475658416748047e+00
2.176086997985839844e+01 5.782224655151367188e+00
2.259459495544433594e+01 6.418411731719970703e+00
2.336448669433593750e+01 7.194094657897949219e+00
2.306880760192871094e+01 7.826668262481689453e+00
2.398095321655273438e+01 7.934830665588378906e+00
2.333488464355468750e+01 7.947469234466552734e+00
2.387142944335937500e+01 8.859626770019531250e+00
2.274208068847656250e+01 7.588482379913330078e+00
2.306422042846679688e+01 7.769943237304687500e+00
2.323148155212402344e+01 7.759828090667724609e+00
2.300458717346191406e+01 7.808780193328857422e+00
2.412019157409667969e+01 9.409997940063476562e+00
2.360377311706542969e+01 1.006505203247070312e+01
2.267873382568359375e+01 7.591430664062500000e+00
2.411057662963867188e+01 8.646491050720214844e+00
2.360848999023437500e+01 9.678439140319824219e+00
2.459803962707519531e+01 1.033010005950927734e+01
2.412019157409667969e+01 1.053428363800048828e+01
2.392823028564453125e+01 8.658851623535156250e+00
2.396172332763671875e+01 9.038380622863769531e+00
2.313824844360351562e+01 8.306859970092773438e+00
2.239732170104980469e+01 7.718148708343505859e+00
2.321296310424804688e+01 8.541891098022460938e+00
2.433495140075683594e+01 1.099247074127197266e+01
2.410577011108398438e+01 1.045403671264648438e+01
2.407211494445800781e+01 1.146523189544677734e+01
2.253603553771972656e+01 9.550532341003417969e+00
2.269230842590332031e+01 9.188098907470703125e+00
2.337209320068359375e+01 9.762346267700195312e+00
2.285388183593750000e+01 7.362537860870361328e+00
2.364622688293457031e+01 9.088264465332031250e+00
2.213716888427734375e+01 7.884887695312500000e+00
2.476960754394531250e+01 1.117906188964843750e+01
2.252252197265625000e+01 1.308175754547119141e+01
