1.003999996185302734e+01 8.937471389770507812e+00
5.122448921203613281e+00 5.395634174346923828e-01
2.313636398315429688e+01 9.536033630371093750e+00
9.163636207580566406e+00 6.104435443878173828e+00
2.884210586547851562e+01 1.835401344299316406e+01
7.385713958740234375e+01 1.734052658081054688e+01
1.267500019073486328e+01 1.013998889923095703e+01
3.678571319580078125e+01 2.689179039001464844e+01
2.343478202819824219e+01 1.363125038146972656e+01
1.338461494445800781e+01 8.801559448242187500e+00
1.946153831481933594e+01 3.554312467575073242e+00
1.825000000000000000e+01 3.591905593872070312e+00
1.874073982238769531e+01 2.849205255508422852e+00
2.104166603088378906e+01 5.404313087463378906e+00
2.039999961853027344e+01 5.261178493499755859e+00
2.015999984741210938e+01 3.471944808959960938e+00
2.091666603088378906e+01 3.718385219573974609e+00
2.020000076293945312e+01 3.762977600097656250e+00
1.881481552124023438e+01 3.600792646408081055e+00
2.023999977111816406e+01 3.490329265594482422e+00
1.942307662963867188e+01 4.216935157775878906e+00
1.877777862548828125e+01 2.629368782043457031e+00
1.651612854003906250e+01 4.703265666961669922e+00
1.143181800842285156e+01 5.019949913024902344e+00
1.197619056701660156e+01 5.021326541900634766e+00
1.082978725433349609e+01 5.187214851379394531e+00
1.058333301544189453e+01 5.365139484405517578e+00
1.855555534362792969e+01 3.842581272125244141e+00
1.930769157409667969e+01 4.546928405761718750e+00
1.988461494445800781e+01 4.610414028167724609e+00
2.183333396911621094e+01 7.027722835540771484e+00
3.340000152587890625e+01 1.838042449951171875e+01
3.964285659790039062e+01 1.608285331726074219e+01
2.710526275634765625e+01 1.278524971008300781e+01
3.657143020629882812e+01 2.049639129638671875e+01
4.183333206176757812e+01 3.608054351806640625e+01
4.225000000000000000e+01 2.541366195678710938e+01
4.863636398315429688e+01 3.652215576171875000e+01
1.362162208557128906e+01 7.264691829681396484e+00
4.522522449493408203e+00 9.088835120201110840e-01
6.312500000000000000e+00 2.704596757888793945e+00
5.758620738983154297e+00 2.416254758834838867e+00
6.349999904632568359e+00 2.743628978729248047e+00
6.797297477722167969e+00 2.740978956222534180e+00
7.590909004211425781e+00 3.477099418640136719e+00
8.706896781921386719e+00 3.737086296081542969e+00
8.576271057128906250e+00 3.590020656585693359e+00
1.603125000000000000e+01 1.070771980285644531e+01
3.869230651855468750e+01 1.915678024291992188e+01
2.015999984741210938e+01 1.140063190460205078e+01
1.706666755676269531e+01 9.398344993591308594e+00
2.789473724365234375e+01 1.044733524322509766e+01
2.239130401611328125e+01 5.181397438049316406e+00
2.221739196777343750e+01 4.845046997070312500e+00
2.095999908447265625e+01 4.142270088195800781e+00
2.436363601684570312e+01 8.003098487854003906e+00
2.044000053405761719e+01 5.246561050415039062e+00
2.182608604431152344e+01 4.714936256408691406e+00
2.182608604431152344e+01 6.637523174285888672e+00
2.345454597473144531e+01 9.104081153869628906e+00
2.345454597473144531e+01 8.332451820373535156e+00
2.423809432983398438e+01 8.280239105224609375e+00
2.137500000000000000e+01 4.662014007568359375e+00
2.273913002014160156e+01 6.109275817871093750e+00
2.256521797180175781e+01 6.384942054748535156e+00
2.438095283508300781e+01 6.778651237487792969e+00
2.409090995788574219e+01 8.820992469787597656e+00
2.281818199157714844e+01 7.100808620452880859e+00
2.313043403625488281e+01 8.178999900817871094e+00
2.173913002014160156e+01 6.016046524047851562e+00
2.510000038146972656e+01 1.083005046844482422e+01
2.336363601684570312e+01 9.364077568054199219e+00
2.385714340209960938e+01 1.644409179687500000e+01
2.663157844543457031e+01 1.065344333648681641e+01
1.988461494445800781e+01 4.352955818176269531e+00
2.087500000000000000e+01 4.054961204528808594e+00
1.253658580780029297e+01 5.885482788085937500e+00
5.000000000000000000e+00 0.000000000000000000e+00
5.000000000000000000e+00 0.000000000000000000e+00
5.000000000000000000e+00 0.000000000000000000e+00
5.000000000000000000e+00 0.000000000000000000e+00
5.000000000000000000e+00 0.000000000000000000e+00
5.000000000000000000e+00 0.000000000000000000e+00
5.000000000000000000e+00 0.000000000000000000e+00
5.000000000000000000e+00 0.000000000000000000e+00
5.000000000000000000e+00 0.000000000000000000e+00
5.000000000000000000e+00 0.000000000000000000e+00
5.000000000000000000e+00 0.000000000000000000e+00
5.000000000000000000e+00 0.000000000000000000e+00
5.000000000000000000e+00 0.000000000000000000e+00
5.000000000000000000e+00 0.000000000000000000e+00
5.000000000000000000e+00 0.000000000000000000e+00
5.000000000000000000e+00 0.000000000000000000e+00
5.000000000000000000e+00 0.000000000000000000e+00
5.000000000000000000e+00 0.000000000000000000e+00
5.000000000000000000e+00 0.000000000000000000e+00
5.000000000000000000e+00 0.000000000000000000e+00
5.000000000000000000e+00 0.000000000000000000e+00
5.000000000000000000e+00 0.000000000000000000e+00
5.000000000000000000e+00 0.000000000000000000e+00
