1.003999996185302734e+01 8.937471389770507812e+00
8.946428298950195312e+00 3.837873458862304688e+00
2.983333396911621094e+01 1.631035804748535156e+01
2.861111068725585938e+01 1.384493064880371094e+01
2.650000000000000000e+01 1.290542507171630859e+01
3.281250000000000000e+01 1.358408451080322266e+01
3.650000000000000000e+01 1.952196502685546875e+01
5.629999923706054688e+01 1.976385498046875000e+01
4.954545593261718750e+01 1.699926948547363281e+01
5.000000000000000000e+01 1.589167881011962891e+01
5.566666793823242188e+01 3.022508049011230469e+01
1.030000000000000000e+02 5.364326858520507812e+01
1.385000000000000000e+02 2.739981842041015625e+01
8.914286041259765625e+01 3.328417968750000000e+01
9.216666412353515625e+01 1.046289730072021484e+01
8.616666412353515625e+01 2.264521217346191406e+01
6.350000000000000000e+01 2.003122520446777344e+01
6.700000000000000000e+01 1.239959716796875000e+01
8.566666412353515625e+01 1.349897098541259766e+01
1.030000000000000000e+02 4.252058410644531250e+01
1.078000030517578125e+02 3.968576431274414062e+01
1.144000015258789062e+02 2.184124565124511719e+01
1.100000000000000000e+02 3.686190414428710938e+01
1.031999969482421875e+02 2.062425804138183594e+01
1.110000000000000000e+02 5.296036148071289062e+01
1.335000000000000000e+02 3.274522781372070312e+01
1.673333282470703125e+02 2.085399055480957031e+01
3.175000000000000000e+02 7.450000000000000000e+01
3.130000000000000000e+02 1.280000000000000000e+02
5.800000000000000000e+02 0.000000000000000000e+00
1.422500000000000000e+02 4.111188888549804688e+01
5.600000000000000000e+01 1.883259582519531250e+01
5.470000076293945312e+01 2.296105384826660156e+01
4.216666793823242188e+01 1.713589477539062500e+01
4.233333206176757812e+01 1.489033985137939453e+01
3.976922988891601562e+01 9.568810462951660156e+00
3.685714340209960938e+01 2.107760238647460938e+01
3.664285659790039062e+01 2.156918144226074219e+01
2.947058868408203125e+01 2.080191612243652344e+01
3.846154022216796875e+01 2.864266586303710938e+01
5.459999847412109375e+01 2.033322334289550781e+01
5.229999923706054688e+01 1.806682014465332031e+01
1.118000030517578125e+02 6.224917602539062500e+01
9.528571319580078125e+01 3.425415039062500000e+01
1.512500000000000000e+02 8.639553070068359375e+01
1.006666641235351562e+02 1.988857841491699219e+01
9.816666412353515625e+01 3.324362945556640625e+01
9.950000000000000000e+01 3.081530952453613281e+01
9.233333587646484375e+01 1.386442279815673828e+01
9.350000000000000000e+01 9.215023994445800781e+00
9.150000000000000000e+01 8.057087898254394531e+00
8.916666412353515625e+01 4.374801635742187500e+00
8.516666412353515625e+01 3.435921430587768555e+00
8.042857360839843750e+01 2.381904602050781250e+00
9.316666412353515625e+01 1.213351607322692871e+00
1.200000000000000000e+02 6.542171001434326172e+00
5.655555725097656250e+01 4.399018096923828125e+01
2.645000000000000000e+02 3.500000000000000000e+00
1.542500000000000000e+02 1.080219841003417969e+01
1.252500000000000000e+02 9.202581405639648438e+00
1.214000015258789062e+02 1.504127597808837891e+01
3.230000000000000000e+02 1.170000000000000000e+02
1.435000000000000000e+02 3.823937606811523438e+01
1.008000030517578125e+02 3.607991027832031250e+01
1.996666717529296875e+02 5.200213623046875000e+01
1.041999969482421875e+02 4.170083999633789062e+01
7.800000000000000000e+01 3.157756996154785156e+01
6.550000000000000000e+01 1.672572898864746094e+01
5.040000152587890625e+01 2.065526580810546875e+01
5.009999847412109375e+01 1.944967842102050781e+01
3.571428680419921875e+01 2.319922447204589844e+01
2.000000000000000000e+01 1.167561626434326172e+01
1.433333301544189453e+01 1.175679588317871094e+01
2.230434799194335938e+01 1.525275421142578125e+01
2.116666603088378906e+01 1.821095466613769531e+01
3.753333282470703125e+01 2.948415756225585938e+01
4.216666793823242188e+01 2.310783958435058594e+01
5.000000000000000000e+01 2.049390220642089844e+01
1.054000015258789062e+02 7.662010192871093750e+01
7.214286041259765625e+01 3.138438224792480469e+01
9.083333587646484375e+01 3.494479751586914062e+01
1.345000000000000000e+02 4.477443313598632812e+01
1.028000030517578125e+02 1.101043167114257812e+02
1.091999969482421875e+02 9.112716674804687500e+01
7.187500000000000000e+01 2.068476104736328125e+01
8.966666412353515625e+01 3.082026863098144531e+01
1.084000015258789062e+02 3.263494873046875000e+01
8.933333587646484375e+01 3.122854804992675781e+01
8.171428680419921875e+01 3.396937179565429688e+01
8.433333587646484375e+01 5.316536331176757812e+01
6.375000000000000000e+01 3.546389007568359375e+01
6.290909194946289062e+01 5.415710449218750000e+01
3.346666717529296875e+01 2.917045783996582031e+01
2.442857170104980469e+01 1.402572822570800781e+01
2.390476226806640625e+01 1.360638713836669922e+01
2.400000000000000000e+01 6.071008205413818359e+00
2.827777862548828125e+01 1.075383949279785156e+01
2.385714340209960938e+01 6.937034606933593750e+00
2.260869598388671875e+01 6.274441719055175781e+00
2.523809432983398438e+01 7.824897766113281250e+00
