9.005395889282226562e+00 5.436187267303466797e+00
1.439655208587646484e+01 6.961568355560302734e+00
3.381081008911132812e+01 1.701483917236328125e+01
3.104907989501953125e+01 1.448409461975097656e+01
3.509090805053710938e+01 1.703550720214843750e+01
3.764661788940429688e+01 1.846321105957031250e+01
5.026732635498046875e+01 1.999103164672851562e+01
6.419230651855468750e+01 2.767210006713867188e+01
6.368750000000000000e+01 2.592614173889160156e+01
6.600000000000000000e+01 3.334276962280273438e+01
7.224285888671875000e+01 2.842455291748046875e+01
7.955555725097656250e+01 2.017839241027832031e+01
8.304917907714843750e+01 3.405657196044921875e+01
1.151111145019531250e+02 4.635908889770507812e+01
1.102978744506835938e+02 3.826387405395507812e+01
1.041224517822265625e+02 3.496623992919921875e+01
9.490566253662109375e+01 3.268619537353515625e+01
1.048750000000000000e+02 3.438545227050781250e+01
1.124000015258789062e+02 3.689830017089843750e+01
1.266999969482421875e+02 4.843407821655273438e+01
1.888888854980468750e+02 9.440744781494140625e+01
2.208333282470703125e+02 1.130588684082031250e+02
2.548999938964843750e+02 8.777294921875000000e+01
3.735000000000000000e+02 1.142814483642578125e+02
9.773333129882812500e+02 5.068420410156250000e+01
1.000000000000000000e+03 0.000000000000000000e+00
1.000000000000000000e+03 0.000000000000000000e+00
1.000000000000000000e+03 0.000000000000000000e+00
9.615000000000000000e+02 8.608861541748046875e+01
1.000000000000000000e+03 0.000000000000000000e+00
1.000000000000000000e+03 0.000000000000000000e+00
1.000000000000000000e+03 0.000000000000000000e+00
1.000000000000000000e+03 0.000000000000000000e+00
1.000000000000000000e+03 0.000000000000000000e+00
1.000000000000000000e+03 0.000000000000000000e+00
1.000000000000000000e+03 0.000000000000000000e+00
1.000000000000000000e+03 0.000000000000000000e+00
9.378333129882812500e+02 1.248337783813476562e+02
8.437142944335937500e+02 2.640328369140625000e+02
3.860000000000000000e+02 1.381977386474609375e+02
1.686000061035156250e+02 4.295315170288085938e+01
1.744482727050781250e+02 4.090071105957031250e+01
3.165625000000000000e+02 1.225356903076171875e+02
1.000000000000000000e+03 0.000000000000000000e+00
1.000000000000000000e+03 0.000000000000000000e+00
1.000000000000000000e+03 0.000000000000000000e+00
1.000000000000000000e+03 0.000000000000000000e+00
1.000000000000000000e+03 0.000000000000000000e+00
1.000000000000000000e+03 0.000000000000000000e+00
1.000000000000000000e+03 0.000000000000000000e+00
1.000000000000000000e+03 0.000000000000000000e+00
1.000000000000000000e+03 0.000000000000000000e+00
8.570000000000000000e+02 2.268108062744140625e+02
1.000000000000000000e+03 0.000000000000000000e+00
1.000000000000000000e+03 0.000000000000000000e+00
8.498333129882812500e+02 3.357828979492187500e+02
1.000000000000000000e+03 0.000000000000000000e+00
1.000000000000000000e+03 0.000000000000000000e+00
1.000000000000000000e+03 0.000000000000000000e+00
1.000000000000000000e+03 0.000000000000000000e+00
1.000000000000000000e+03 0.000000000000000000e+00
5.578889160156250000e+02 4.942959899902343750e+02
5.578889160156250000e+02 4.942955322265625000e+02
3.605000000000000000e+02 4.766560363769531250e+02
4.571818237304687500e+02 4.955242919921875000e+02
8.340000000000000000e+02 3.711872863769531250e+02
7.161428833007812500e+02 4.488176269531250000e+02
1.000000000000000000e+03 0.000000000000000000e+00
6.275000000000000000e+02 4.808960266113281250e+02
1.000000000000000000e+03 0.000000000000000000e+00
1.000000000000000000e+03 0.000000000000000000e+00
1.000000000000000000e+03 0.000000000000000000e+00
7.344285888671875000e+02 4.124061584472656250e+02
6.663750000000000000e+02 3.938968505859375000e+02
8.503333129882812500e+02 2.165191802978515625e+02
9.030000000000000000e+02 2.151147003173828125e+02
1.000000000000000000e+03 0.000000000000000000e+00
7.485000000000000000e+02 2.618807067871093750e+02
1.000000000000000000e+03 0.000000000000000000e+00
1.000000000000000000e+03 0.000000000000000000e+00
5.798889160156250000e+02 2.557539825439453125e+02
4.272500000000000000e+02 1.543983612060546875e+02
6.232222290039062500e+02 2.837184753417968750e+02
1.000000000000000000e+03 0.000000000000000000e+00
1.000000000000000000e+03 0.000000000000000000e+00
1.000000000000000000e+03 0.000000000000000000e+00
1.000000000000000000e+03 0.000000000000000000e+00
1.000000000000000000e+03 0.000000000000000000e+00
1.000000000000000000e+03 0.000000000000000000e+00
1.000000000000000000e+03 0.000000000000000000e+00
1.000000000000000000e+03 0.000000000000000000e+00
1.000000000000000000e+03 0.000000000000000000e+00
1.000000000000000000e+03 0.000000000000000000e+00
1.000000000000000000e+03 0.000000000000000000e+00
7.472500000000000000e+02 3.633289794921875000e+02
6.726250000000000000e+02 3.696048278808593750e+02
1.000000000000000000e+03 0.000000000000000000e+00
1.000000000000000000e+03 0.000000000000000000e+00
1.000000000000000000e+03 0.000000000000000000e+00
1.000000000000000000e+03 0.000000000000000000e+00
