1.003999996185302734e+01 8.937471389770507812e+00
1.026530647277832031e+01 6.644855499267578125e+00
1.384210491180419922e+01 9.117728233337402344e+00
1.219512176513671875e+01 6.113637447357177734e+00
1.980769157409667969e+01 1.073462867736816406e+01
1.612903213500976562e+01 7.926036834716796875e+00
1.664516067504882812e+01 8.566809654235839844e+00
2.500000000000000000e+01 1.608217430114746094e+01
2.108333396911621094e+01 1.298690509796142578e+01
2.400000000000000000e+01 1.359271526336669922e+01
3.356250000000000000e+01 2.029152679443359375e+01
3.393333435058593750e+01 1.944039344787597656e+01
3.969230651855468750e+01 1.747254753112792969e+01
2.961111068725585938e+01 1.564586925506591797e+01
3.500000000000000000e+01 1.419389533996582031e+01
4.333333206176757812e+01 1.976669502258300781e+01
5.850000000000000000e+01 3.138232040405273438e+01
5.572727203369140625e+01 3.511304092407226562e+01
6.244444274902343750e+01 2.588054084777832031e+01
6.287500000000000000e+01 2.369302368164062500e+01
6.450000000000000000e+01 4.778075027465820312e+01
6.412500000000000000e+01 3.198608016967773438e+01
1.140000000000000000e+02 4.903876113891601562e+01
5.429999923706054688e+01 1.496696281433105469e+01
6.587500000000000000e+01 3.600846099853515625e+01
5.711111068725585938e+01 1.933588790893554688e+01
6.055555725097656250e+01 1.283321285247802734e+01
7.714286041259765625e+01 2.306158638000488281e+01
5.059999847412109375e+01 1.929352188110351562e+01
1.054000015258789062e+02 4.372001647949218750e+01
7.257142639160156250e+01 1.614096069335937500e+01
7.314286041259765625e+01 3.461390686035156250e+01
6.925000000000000000e+01 3.468699264526367188e+01
5.622222137451171875e+01 1.214521121978759766e+01
5.677777862548828125e+01 9.401865005493164062e+00
6.500000000000000000e+01 1.913765907287597656e+01
6.277777862548828125e+01 3.362134933471679688e+01
5.600000000000000000e+01 1.575436401367187500e+01
5.711111068725585938e+01 2.043115425109863281e+01
5.911111068725585938e+01 2.220832824707031250e+01
7.000000000000000000e+01 1.085126686096191406e+01
6.862500000000000000e+01 1.264849281311035156e+01
7.087500000000000000e+01 2.063636016845703125e+01
7.000000000000000000e+01 1.267872238159179688e+01
8.433333587646484375e+01 1.914564132690429688e+01
7.087500000000000000e+01 1.874458312988281250e+01
6.011111068725585938e+01 1.160885143280029297e+01
7.087500000000000000e+01 2.088323211669921875e+01
6.437500000000000000e+01 2.793267631530761719e+01
7.137500000000000000e+01 2.127755546569824219e+01
6.350000000000000000e+01 2.257764434814453125e+01
7.314286041259765625e+01 1.998162460327148438e+01
7.285713958740234375e+01 1.899946212768554688e+01
5.822222137451171875e+01 1.863555526733398438e+01
7.885713958740234375e+01 2.407979965209960938e+01
8.142857360839843750e+01 2.457557868957519531e+01
7.514286041259765625e+01 2.362461471557617188e+01
8.557142639160156250e+01 1.517382240295410156e+01
9.450000000000000000e+01 3.287729644775390625e+01
6.525000000000000000e+01 1.794261741638183594e+01
6.637500000000000000e+01 1.079279232025146484e+01
6.100000000000000000e+01 7.986099243164062500e+00
7.328571319580078125e+01 2.508678817749023438e+01
6.375000000000000000e+01 1.264663982391357422e+01
1.215999984741210938e+02 9.359188079833984375e+01
7.828571319580078125e+01 2.378303146362304688e+01
8.157142639160156250e+01 2.431258964538574219e+01
8.950000000000000000e+01 2.743325233459472656e+01
1.181999969482421875e+02 3.597443389892578125e+01
8.816666412353515625e+01 1.688605690002441406e+01
1.497500000000000000e+02 5.571972274780273438e+01
1.078000030517578125e+02 4.413796615600585938e+01
7.557142639160156250e+01 1.386524105072021484e+01
8.242857360839843750e+01 1.850758171081542969e+01
7.700000000000000000e+01 2.461126327514648438e+01
9.016666412353515625e+01 2.282846641540527344e+01
8.228571319580078125e+01 2.564991950988769531e+01
8.550000000000000000e+01 2.179258346557617188e+01
5.850000000000000000e+01 2.115301513671875000e+01
6.862500000000000000e+01 2.845143890380859375e+01
7.714286041259765625e+01 3.297370529174804688e+01
8.385713958740234375e+01 2.189212799072265625e+01
8.616666412353515625e+01 2.078795051574707031e+01
8.883333587646484375e+01 4.403944015502929688e+01
1.105999984741210938e+02 6.016842651367187500e+01
2.930000000000000000e+02 6.800000000000000000e+01
1.682500000000000000e+02 8.474778747558593750e+01
1.036666641235351562e+02 5.341244125366210938e+01
7.571428680419921875e+01 1.472329807281494141e+01
7.828571319580078125e+01 2.102185440063476562e+01
8.400000000000000000e+01 1.883259582519531250e+01
7.414286041259765625e+01 1.672832107543945312e+01
8.866666412353515625e+01 3.177350425720214844e+01
7.614286041259765625e+01 2.580934715270996094e+01
8.042857360839843750e+01 3.229266738891601562e+01
8.850000000000000000e+01 1.711480903625488281e+01
7.628571319580078125e+01 2.198515319824218750e+01
8.185713958740234375e+01 1.271027278900146484e+01
5.977777862548828125e+01 2.531480789184570312e+01
8.442857360839843750e+01 1.530506134033203125e+01
