9.005395889282226562e+00 5.436187267303466797e+00
1.248762416839599609e+01 8.025783538818359375e+00
1.688926124572753906e+01 1.128391170501708984e+01
2.637894821166992188e+01 1.385312366485595703e+01
3.050000000000000000e+01 1.754071807861328125e+01
3.846154022216796875e+01 1.982816696166992188e+01
4.622018432617187500e+01 2.201265716552734375e+01
5.036999893188476562e+01 2.079262161254882812e+01
5.523077011108398438e+01 2.217367935180664062e+01
5.686516952514648438e+01 1.960921096801757812e+01
5.451086807250976562e+01 2.175081062316894531e+01
5.064646530151367188e+01 1.774357986450195312e+01
4.868931961059570312e+01 1.578252029418945312e+01
4.908823394775390625e+01 1.889812850952148438e+01
5.022999954223632812e+01 1.770528411865234375e+01
5.471739196777343750e+01 1.979532432556152344e+01
5.794252777099609375e+01 2.138715744018554688e+01
5.803448104858398438e+01 2.127566719055175781e+01
6.734666442871093750e+01 2.513191413879394531e+01
7.668181610107421875e+01 2.732861709594726562e+01
8.989286041259765625e+01 3.795659255981445312e+01
9.320370483398437500e+01 2.916262245178222656e+01
9.890196228027343750e+01 4.079035568237304688e+01
9.705769348144531250e+01 2.609185791015625000e+01
1.019599990844726562e+02 3.189103889465332031e+01
9.526415252685546875e+01 3.012499046325683594e+01
9.592453002929687500e+01 2.932823181152343750e+01
9.988235473632812500e+01 2.964736747741699219e+01
1.089782638549804688e+02 4.632047271728515625e+01
9.943137359619140625e+01 2.958222579956054688e+01
1.067872314453125000e+02 3.028933906555175781e+01
1.022653045654296875e+02 3.573871994018554688e+01
1.031632690429687500e+02 3.464534378051757812e+01
1.074255294799804688e+02 3.216562652587890625e+01
1.112444458007812500e+02 3.953797531127929688e+01
1.285384674072265625e+02 5.309780502319335938e+01
1.169302291870117188e+02 3.886134719848632812e+01
1.194047622680664062e+02 3.707717895507812500e+01
1.191666641235351562e+02 4.434062957763671875e+01
1.289250030517578125e+02 3.793572616577148438e+01
1.229756088256835938e+02 4.191773986816406250e+01
1.633548431396484375e+02 6.459329223632812500e+01
1.792857208251953125e+02 7.075302124023437500e+01
1.879259185791015625e+02 9.771725463867187500e+01
1.502647094726562500e+02 6.900993347167968750e+01
1.656562500000000000e+02 7.159068298339843750e+01
1.637742004394531250e+02 7.054291534423828125e+01
1.811071472167968750e+02 6.788453674316406250e+01
2.023600006103515625e+02 1.136326980590820312e+02
1.912222290039062500e+02 8.473065185546875000e+01
2.014400024414062500e+02 1.147951507568359375e+02
2.902777709960937500e+02 1.277109603881835938e+02
2.860000000000000000e+02 1.698966979980468750e+02
2.400000000000000000e+02 1.910043640136718750e+02
2.787222290039062500e+02 1.413281402587890625e+02
2.016799926757812500e+02 6.871257019042968750e+01
2.253913116455078125e+02 1.463663482666015625e+02
2.217826080322265625e+02 1.297797393798828125e+02
2.523500061035156250e+02 1.323775787353515625e+02
3.506666564941406250e+02 1.985348510742187500e+02
6.622222290039062500e+02 3.045338134765625000e+02
5.592222290039062500e+02 3.565728149414062500e+02
3.728125000000000000e+02 2.510025329589843750e+02
3.353750000000000000e+02 2.539677276611328125e+02
5.162999877929687500e+02 3.002825622558593750e+02
6.511250000000000000e+02 3.387024536132812500e+02
6.495555419921875000e+02 2.898908081054687500e+02
6.007777709960937500e+02 3.574333496093750000e+02
3.260625000000000000e+02 3.086943054199218750e+02
1.675666656494140625e+02 8.338332366943359375e+01
1.174883728027343750e+02 6.035760879516601562e+01
1.302250061035156250e+02 7.835033416748046875e+01
2.780526428222656250e+02 1.882941284179687500e+02
5.915555419921875000e+02 3.410634155273437500e+02
6.547777709960937500e+02 3.257673950195312500e+02
7.574285888671875000e+02 3.418979797363281250e+02
5.827777709960937500e+02 3.465313415527343750e+02
6.507500000000000000e+02 3.282330627441406250e+02
8.097142944335937500e+02 1.710678253173828125e+02
6.491250000000000000e+02 2.939398193359375000e+02
3.895333251953125000e+02 2.231175689697265625e+02
6.498750000000000000e+02 3.082983398437500000e+02
8.368571166992187500e+02 2.312737579345703125e+02
9.616666870117187500e+02 8.571594238281250000e+01
1.000000000000000000e+03 0.000000000000000000e+00
9.638333129882812500e+02 8.087112426757812500e+01
1.000000000000000000e+03 0.000000000000000000e+00
1.000000000000000000e+03 0.000000000000000000e+00
1.000000000000000000e+03 0.000000000000000000e+00
1.000000000000000000e+03 0.000000000000000000e+00
1.000000000000000000e+03 0.000000000000000000e+00
1.000000000000000000e+03 0.000000000000000000e+00
1.000000000000000000e+03 0.000000000000000000e+00
1.000000000000000000e+03 0.000000000000000000e+00
1.000000000000000000e+03 0.000000000000000000e+00
8.803333129882812500e+02 2.675828247070312500e+02
1.000000000000000000e+03 0.000000000000000000e+00
1.000000000000000000e+03 0.000000000000000000e+00
1.000000000000000000e+03 0.000000000000000000e+00
1.000000000000000000e+03 0.000000000000000000e+00
