9.005395889282226562e+00 5.436187267303466797e+00
9.861932754516601562e+00 5.926628589630126953e+00
1.133031654357910156e+01 7.174264907836914062e+00
1.358967399597167969e+01 8.277956962585449219e+00
1.583860778808593750e+01 1.048518657684326172e+01
1.803956794738769531e+01 1.158462238311767578e+01
2.011244964599609375e+01 1.147178268432617188e+01
2.434951400756835938e+01 1.463882923126220703e+01
2.466502380371093750e+01 1.346866893768310547e+01
3.095679092407226562e+01 1.800114822387695312e+01
3.108024597167968750e+01 1.714750099182128906e+01
3.308552551269531250e+01 1.686203384399414062e+01
3.522535324096679688e+01 1.705599403381347656e+01
4.127869033813476562e+01 2.188841438293457031e+01
4.322034072875976562e+01 2.056949043273925781e+01
4.842307662963867188e+01 2.220347023010253906e+01
5.326315689086914062e+01 2.210511207580566406e+01
5.722727203369140625e+01 2.040093994140625000e+01
5.901162719726562500e+01 2.459934616088867188e+01
5.838372039794921875e+01 2.363539314270019531e+01
5.969047546386718750e+01 2.255784797668457031e+01
6.502564239501953125e+01 3.092007064819335938e+01
6.073493957519531250e+01 2.544168090820312500e+01
6.208641815185546875e+01 2.299608039855957031e+01
6.736000061035156250e+01 2.666165351867675781e+01
6.026190567016601562e+01 2.901564407348632812e+01
6.415384674072265625e+01 2.203440093994140625e+01
6.798648834228515625e+01 3.306320190429687500e+01
6.579220581054687500e+01 2.901022529602050781e+01
6.345569610595703125e+01 2.176211929321289062e+01
6.845945739746093750e+01 2.905362701416015625e+01
7.256521606445312500e+01 2.536600303649902344e+01
8.475000000000000000e+01 3.805418395996093750e+01
7.295652008056640625e+01 2.891288185119628906e+01
8.177419281005859375e+01 3.108491134643554688e+01
8.074193572998046875e+01 3.109295845031738281e+01
7.622727203369140625e+01 3.131017684936523438e+01
8.358333587646484375e+01 3.567179107666015625e+01
8.074603271484375000e+01 3.068786430358886719e+01
8.135483551025390625e+01 2.915481185913085938e+01
8.982142639160156250e+01 3.769383621215820312e+01
8.655172729492187500e+01 2.796190261840820312e+01
8.419999694824218750e+01 3.112705039978027344e+01
8.473332977294921875e+01 3.546729278564453125e+01
9.362963104248046875e+01 3.736619949340820312e+01
8.204917907714843750e+01 2.637337493896484375e+01
9.114545440673828125e+01 3.627291870117187500e+01
8.928571319580078125e+01 3.385932540893554688e+01
8.653448486328125000e+01 2.777819442749023438e+01
9.035713958740234375e+01 3.635412597656250000e+01
9.632691955566406250e+01 3.387517929077148438e+01
1.048750000000000000e+02 4.081698226928710938e+01
1.009199981689453125e+02 4.685630798339843750e+01
1.005400009155273438e+02 3.878670501708984375e+01
9.679244995117187500e+01 3.462595748901367188e+01
1.116666641235351562e+02 4.470496368408203125e+01
9.915686035156250000e+01 2.857489013671875000e+01
1.063125000000000000e+02 3.905239868164062500e+01
1.098043441772460938e+02 4.604469299316406250e+01
1.191428604125976562e+02 4.880894470214843750e+01
1.096956558227539062e+02 3.964234924316406250e+01
1.194651184082031250e+02 4.733175659179687500e+01
1.111111145019531250e+02 3.550788497924804688e+01
1.045000000000000000e+02 4.737483596801757812e+01
1.050000000000000000e+02 3.460070037841796875e+01
1.113555526733398438e+02 5.052003097534179688e+01
1.085106353759765625e+02 4.470512390136718750e+01
1.131999969482421875e+02 5.793122482299804688e+01
1.199545440673828125e+02 5.516667175292968750e+01
1.026122436523437500e+02 5.789568710327148438e+01
1.041875000000000000e+02 4.396336364746093750e+01
9.978431701660156250e+01 4.314786148071289062e+01
9.301851654052734375e+01 4.529430007934570312e+01
9.832075500488281250e+01 4.805962371826171875e+01
9.462264251708984375e+01 4.208447265625000000e+01
1.058163299560546875e+02 4.464128112792968750e+01
1.108260879516601562e+02 6.383923721313476562e+01
1.104893646240234375e+02 4.856050109863281250e+01
1.291282043457031250e+02 6.176597213745117188e+01
1.220000000000000000e+02 6.344231033325195312e+01
1.305128173828125000e+02 6.321995925903320312e+01
1.282564086914062500e+02 5.599987411499023438e+01
1.237142868041992188e+02 5.995326614379882812e+01
1.191904754638671875e+02 6.946778106689453125e+01
1.353783721923828125e+02 6.838854217529296875e+01
1.414444427490234375e+02 6.944799804687500000e+01
1.400277709960937500e+02 7.404708099365234375e+01
1.429166717529296875e+02 7.252178192138671875e+01
1.335526275634765625e+02 7.744529724121093750e+01
1.360000000000000000e+02 8.589405822753906250e+01
1.782068939208984375e+02 1.185892333984375000e+02
1.829642791748046875e+02 1.013161468505859375e+02
2.325000000000000000e+02 1.463276977539062500e+02
1.565000000000000000e+02 8.094982910156250000e+01
1.436000061035156250e+02 9.303953552246093750e+01
1.257560958862304688e+02 8.711578369140625000e+01
1.398611145019531250e+02 6.632041168212890625e+01
1.588750000000000000e+02 1.093534240722656250e+02
1.892500000000000000e+02 1.010055236816406250e+02
1.422105255126953125e+02 8.521092987060546875e+01
