9.005395889282226562e+00 5.436187267303466797e+00
1.615483856201171875e+01 1.033980178833007812e+01
2.783425331115722656e+01 1.745064544677734375e+01
3.772932434082031250e+01 1.806052017211914062e+01
5.155102157592773438e+01 2.382595062255859375e+01
5.155670166015625000e+01 2.329017829895019531e+01
4.530630493164062500e+01 1.578275489807128906e+01
4.858252334594726562e+01 2.135848426818847656e+01
4.414035034179687500e+01 1.433488941192626953e+01
4.827884674072265625e+01 1.732464599609375000e+01
5.054545593261718750e+01 1.835688400268554688e+01
6.262500000000000000e+01 2.608321952819824219e+01
6.577922058105468750e+01 2.617256546020507812e+01
8.234426116943359375e+01 3.095892906188964844e+01
9.294545745849609375e+01 3.389846801757812500e+01
9.361111450195312500e+01 3.095601081848144531e+01
1.070425567626953125e+02 3.485163879394531250e+01
1.144666671752929688e+02 4.448800277709960938e+01
1.106956558227539062e+02 4.161932373046875000e+01
1.055510177612304688e+02 3.204974746704101562e+01
1.140681838989257812e+02 3.187218666076660156e+01
1.070638275146484375e+02 2.893235015869140625e+01
1.219756088256835938e+02 5.253778457641601562e+01
1.268499984741210938e+02 3.883783340454101562e+01
1.274499969482421875e+02 4.086865997314453125e+01
1.252249984741210938e+02 4.086960220336914062e+01
1.388888854980468750e+02 4.016201782226562500e+01
1.584375000000000000e+02 5.718606567382812500e+01
1.644838714599609375e+02 4.192379379272460938e+01
1.478529357910156250e+02 4.916786193847656250e+01
1.487647094726562500e+02 6.774218750000000000e+01
1.831071472167968750e+02 5.755018997192382812e+01
2.181304321289062500e+02 8.159566497802734375e+01
2.449523773193359375e+02 9.582348632812500000e+01
2.893888854980468750e+02 1.162072601318359375e+02
2.735789489746093750e+02 1.035853652954101562e+02
2.342727203369140625e+02 1.222959136962890625e+02
2.962941284179687500e+02 1.787360076904296875e+02
4.388333435058593750e+02 2.192456207275390625e+02
3.374666748046875000e+02 2.025977630615234375e+02
4.227500000000000000e+02 1.243302917480468750e+02
4.048461608886718750e+02 1.411185302734375000e+02
7.635714111328125000e+02 3.170204467773437500e+02
9.493333129882812500e+02 1.093185958862304688e+02
8.651666870117187500e+02 2.730460205078125000e+02
9.391666870117187500e+02 1.102911605834960938e+02
8.565000000000000000e+02 3.054907226562500000e+02
1.000000000000000000e+03 0.000000000000000000e+00
1.000000000000000000e+03 0.000000000000000000e+00
1.000000000000000000e+03 0.000000000000000000e+00
1.000000000000000000e+03 0.000000000000000000e+00
1.000000000000000000e+03 0.000000000000000000e+00
1.000000000000000000e+03 0.000000000000000000e+00
1.000000000000000000e+03 0.000000000000000000e+00
1.000000000000000000e+03 0.000000000000000000e+00
1.000000000000000000e+03 0.000000000000000000e+00
1.000000000000000000e+03 0.000000000000000000e+00
1.000000000000000000e+03 0.000000000000000000e+00
1.000000000000000000e+03 0.000000000000000000e+00
1.000000000000000000e+03 0.000000000000000000e+00
1.000000000000000000e+03 0.000000000000000000e+00
9.618333129882812500e+02 8.534325408935546875e+01
1.000000000000000000e+03 0.000000000000000000e+00
1.000000000000000000e+03 0.000000000000000000e+00
9.941666870117187500e+02 1.304372882843017578e+01
8.298571166992187500e+02 2.845559997558593750e+02
7.911428833007812500e+02 2.815520324707031250e+02
7.057500000000000000e+02 3.979980468750000000e+02
6.722500000000000000e+02 3.484055786132812500e+02
4.718181762695312500e+02 1.996436920166015625e+02
4.299166564941406250e+02 3.016226806640625000e+02
3.845333251953125000e+02 2.426291809082031250e+02
3.389333190917968750e+02 1.227514953613281250e+02
2.800555419921875000e+02 2.001611785888671875e+02
1.101956558227539062e+02 8.091477966308593750e+01
7.666666412353515625e+01 2.201331329345703125e+01
9.275926208496093750e+01 2.954214477539062500e+01
1.672666625976562500e+02 8.458287811279296875e+01
1.324736785888671875e+02 5.090483093261718750e+01
1.050833358764648438e+02 3.671786117553710938e+01
9.956862640380859375e+01 2.852948570251464844e+01
1.108695678710937500e+02 4.158365249633789062e+01
1.077021255493164062e+02 2.548584556579589844e+01
1.369459533691406250e+02 5.295532989501953125e+01
1.299487152099609375e+02 3.666616058349609375e+01
1.310769195556640625e+02 3.706569671630859375e+01
1.111086959838867188e+02 3.746141815185546875e+01
9.990196228027343750e+01 3.607902908325195312e+01
8.605000305175781250e+01 2.588334274291992188e+01
8.605084991455078125e+01 3.230911636352539062e+01
1.212619018554687500e+02 4.782261657714843750e+01
1.438571472167968750e+02 5.439808273315429688e+01
1.543030242919921875e+02 5.773423385620117188e+01
1.833214263916015625e+02 7.749657440185546875e+01
2.143750000000000000e+02 9.243908691406250000e+01
2.305000000000000000e+02 7.988613891601562500e+01
7.202857055664062500e+02 2.799620971679687500e+02
5.753333129882812500e+02 1.908233642578125000e+02
5.540000000000000000e+02 2.392366943359375000e+02
4.188333435058593750e+02 2.158833923339843750e+02
