1.003999996185302734e+01 8.937471389770507812e+00
6.810811042785644531e+00 1.641321778297424316e+00
3.181250000000000000e+01 1.744713020324707031e+01
1.108695697784423828e+01 7.222628116607666016e+00
1.800000000000000000e+01 1.245563507080078125e+01
2.982353019714355469e+01 1.321868133544921875e+01
2.200000000000000000e+01 8.821909904479980469e+00
2.212500000000000000e+01 1.426625537872314453e+01
1.782758712768554688e+01 7.803929328918457031e+00
2.600000000000000000e+01 1.221474552154541016e+01
3.915384674072265625e+01 2.452266311645507812e+01
6.862500000000000000e+01 4.429711532592773438e+01
6.155555725097656250e+01 1.572055339813232422e+01
5.440000152587890625e+01 1.807318496704101562e+01
5.000000000000000000e+01 1.873499488830566406e+01
6.022222137451171875e+01 2.286082458496093750e+01
8.366666412353515625e+01 1.524977207183837891e+01
1.224000015258789062e+02 2.764489173889160156e+01
2.073077011108398438e+01 1.242069530487060547e+01
2.123333282470703125e+02 7.521229553222656250e+01
3.630000000000000000e+02 4.200000000000000000e+01
7.212500000000000000e+01 5.113080596923828125e+01
3.671428680419921875e+01 2.369276237487792969e+01
3.961538314819335938e+01 1.377589035034179688e+01
6.144444274902343750e+01 2.098206138610839844e+01
5.233333206176757812e+01 2.955879211425781250e+01
5.190000152587890625e+01 3.453534698486328125e+01
1.332500000000000000e+02 7.804926300048828125e+01
1.387500000000000000e+02 6.063157272338867188e+01
1.443333282470703125e+02 1.591850891113281250e+02
9.183333587646484375e+01 4.245553207397460938e+01
1.312500000000000000e+02 5.522397613525390625e+01
8.400000000000000000e+01 3.572114181518554688e+01
4.818181991577148438e+01 1.096123886108398438e+01
5.440000152587890625e+01 3.956816864013671875e+01
4.927272796630859375e+01 2.469115066528320312e+01
5.390000152587890625e+01 1.959821319580078125e+01
7.357142639160156250e+01 1.745899009704589844e+01
1.034000015258789062e+02 4.721694564819335938e+01
2.665000000000000000e+02 1.025000000000000000e+02
2.540000000000000000e+02 1.550000000000000000e+02
1.936666717529296875e+02 3.249957275390625000e+01
2.945000000000000000e+02 4.750000000000000000e+01
1.505000000000000000e+02 7.534752655029296875e+01
1.752500000000000000e+02 5.113890457153320312e+01
9.116666412353515625e+01 6.775056457519531250e+01
2.894444465637207031e+01 1.235346126556396484e+01
2.175000000000000000e+01 8.171341896057128906e+00
1.748275947570800781e+01 3.847262382507324219e+00
1.336842060089111328e+01 4.022443771362304688e+00
1.264999961853027344e+01 4.503054618835449219e+00
1.174418640136718750e+01 4.292194366455078125e+00
1.502941131591796875e+01 2.925398826599121094e+00
1.758620643615722656e+01 4.246842861175537109e+00
1.803571510314941406e+01 4.570731163024902344e+00
1.923077011108398438e+01 3.598158597946166992e+00
1.775862121582031250e+01 3.578240156173706055e+00
1.860714340209960938e+01 4.047391414642333984e+00
1.930769157409667969e+01 3.035295248031616211e+00
1.896296310424804688e+01 3.225838661193847656e+00
1.965384674072265625e+01 4.056735038757324219e+00
1.951851844787597656e+01 4.003427982330322266e+00
2.150000000000000000e+01 4.839076995849609375e+00
1.969230842590332031e+01 3.570921421051025391e+00
1.976922988891601562e+01 3.598158597946166992e+00
2.028000068664550781e+01 4.152300357818603516e+00
1.896296310424804688e+01 3.458553314208984375e+00
1.934615325927734375e+01 1.038098239898681641e+01
1.710000038146972656e+01 5.146843910217285156e+00
1.934615325927734375e+01 1.149227905273437500e+01
1.930769157409667969e+01 6.268168926239013672e+00
2.115999984741210938e+01 1.337962627410888672e+01
2.150000000000000000e+01 1.016120052337646484e+01
2.087500000000000000e+01 5.532574176788330078e+00
2.133333396911621094e+01 4.579544067382812500e+00
1.888888931274414062e+01 3.413842678070068359e+00
1.930769157409667969e+01 3.022597312927246094e+00
1.953846168518066406e+01 4.576115131378173828e+00
1.965384674072265625e+01 3.657892704010009766e+00
1.934615325927734375e+01 2.615667581558227539e+00
1.946153831481933594e+01 3.002957105636596680e+00
1.969230842590332031e+01 3.549314260482788086e+00
2.015384674072265625e+01 4.793363094329833984e+00
2.083333396911621094e+01 4.642796039581298828e+00
2.036000061035156250e+01 4.362384796142578125e+00
1.907407379150390625e+01 3.137891769409179688e+00
2.091666603088378906e+01 4.599969863891601562e+00
2.012000083923339844e+01 3.374255657196044922e+00
1.914814758300781250e+01 3.514032125473022461e+00
2.055999946594238281e+01 3.795576333999633789e+00
1.957692337036132812e+01 2.830779790878295898e+00
1.888888931274414062e+01 2.948111057281494141e+00
1.900000000000000000e+01 3.277307033538818359e+00
1.930769157409667969e+01 3.739284515380859375e+00
1.866666603088378906e+01 3.399346351623535156e+00
1.768965530395507812e+01 3.705573081970214844e+00
1.651612854003906250e+01 5.040935516357421875e+00
1.976922988891601562e+01 3.285255193710327148e+00
1.976922988891601562e+01 3.202255249023437500e+00
1.930769157409667969e+01 3.183723211288452148e+00
