1.003999996185302734e+01 8.937471389770507812e+00
1.174418640136718750e+01 6.731021881103515625e+00
1.482857131958007812e+01 6.855594635009765625e+00
2.052000045776367188e+01 1.052661418914794922e+01
3.306250000000000000e+01 1.043712615966796875e+01
3.225000000000000000e+01 1.677237319946289062e+01
3.771428680419921875e+01 1.138563346862792969e+01
5.490000152587890625e+01 3.174098396301269531e+01
4.408333206176757812e+01 1.374444389343261719e+01
5.800000000000000000e+01 1.855322647094726562e+01
5.370000076293945312e+01 1.658945465087890625e+01
5.655555725097656250e+01 2.153091430664062500e+01
6.650000000000000000e+01 9.246621131896972656e+00
4.325000000000000000e+01 1.972783660888671875e+01
4.918181991577148438e+01 2.372117614746093750e+01
5.179999923706054688e+01 1.295993804931640625e+01
4.516666793823242188e+01 2.125963973999023438e+01
7.614286041259765625e+01 3.066141700744628906e+01
6.612500000000000000e+01 2.640282821655273438e+01
6.700000000000000000e+01 2.252406120300292969e+01
7.385713958740234375e+01 2.369103813171386719e+01
7.400000000000000000e+01 2.993325996398925781e+01
5.027272796630859375e+01 1.940052032470703125e+01
5.666666793823242188e+01 2.397684097290039062e+01
4.990909194946289062e+01 1.433022594451904297e+01
6.550000000000000000e+01 3.120897293090820312e+01
8.371428680419921875e+01 3.094564056396484375e+01
6.375000000000000000e+01 1.840346527099609375e+01
8.866666412353515625e+01 4.271481704711914062e+01
1.138000030517578125e+02 3.075321006774902344e+01
1.068000030517578125e+02 4.365043258666992188e+01
1.267500000000000000e+02 5.364408111572265625e+01
1.015000000000000000e+02 2.205107688903808594e+01
8.185713958740234375e+01 1.343161106109619141e+01
1.111999969482421875e+02 3.919897842407226562e+01
1.201999969482421875e+02 3.595775604248046875e+01
1.034000015258789062e+02 1.327554130554199219e+01
1.866666717529296875e+02 7.765020751953125000e+01
1.260000000000000000e+02 3.736977386474609375e+01
1.427500000000000000e+02 7.066603088378906250e+01
1.111999969482421875e+02 2.262211418151855469e+01
1.195999984741210938e+02 1.827128982543945312e+01
1.302500000000000000e+02 2.346673202514648438e+01
1.680000000000000000e+02 7.684074401855468750e+01
2.600000000000000000e+02 1.069610519409179688e+02
1.686666717529296875e+02 3.660904312133789062e+01
1.425000000000000000e+02 9.317322540283203125e+01
1.773333282470703125e+02 1.321371307373046875e+02
1.736666717529296875e+02 5.074336242675781250e+01
1.025999984741210938e+02 2.402165603637695312e+01
1.640000000000000000e+02 7.467596435546875000e+01
1.916666717529296875e+02 8.328398132324218750e+01
1.382500000000000000e+02 6.359785842895507812e+01
1.442500000000000000e+02 2.974369621276855469e+01
2.060000000000000000e+02 4.546060562133789062e+00
1.337500000000000000e+02 4.823574829101562500e+01
1.208000030517578125e+02 3.359999847412109375e+01
1.367500000000000000e+02 3.417875671386718750e+01
1.105999984741210938e+02 1.177454853057861328e+01
1.170000000000000000e+02 1.803330230712890625e+01
1.084000015258789062e+02 1.645113945007324219e+01
1.040000000000000000e+02 2.460081291198730469e+01
9.585713958740234375e+01 4.328783798217773438e+01
1.420000000000000000e+02 5.116151046752929688e+01
2.736666564941406250e+02 1.223991622924804688e+02
4.130000000000000000e+02 2.300000000000000000e+01
6.240000000000000000e+02 0.000000000000000000e+00
3.183333435058593750e+02 1.629526214599609375e+02
6.780000000000000000e+02 0.000000000000000000e+00
3.010000000000000000e+02 2.000000000000000000e+01
3.740000000000000000e+02 9.200000000000000000e+01
3.985000000000000000e+02 6.550000000000000000e+01
6.280000000000000000e+02 0.000000000000000000e+00
4.770000000000000000e+02 1.130000000000000000e+02
3.345000000000000000e+02 9.850000000000000000e+01
9.110000000000000000e+02 0.000000000000000000e+00
3.460000000000000000e+02 1.700000000000000000e+01
4.225000000000000000e+02 2.675000000000000000e+02
3.052500000000000000e+02 3.189665832519531250e+02
5.230000000000000000e+02 0.000000000000000000e+00
2.017500000000000000e+02 7.210539245605468750e+01
4.625000000000000000e+02 1.315000000000000000e+02
6.100000000000000000e+02 0.000000000000000000e+00
4.155000000000000000e+02 1.825000000000000000e+02
1.492500000000000000e+02 5.168836975097656250e+01
1.950000000000000000e+02 7.768311309814453125e+01
1.547500000000000000e+02 5.430642318725585938e+01
1.000000000000000000e+02 2.508386039733886719e+01
1.281999969482421875e+02 2.173844528198242188e+01
1.014000015258789062e+02 3.268394088745117188e+01
1.145000000000000000e+02 4.831752395629882812e+01
1.120000000000000000e+02 3.814708328247070312e+01
1.560000000000000000e+02 7.227378845214843750e+01
3.945000000000000000e+02 2.500000000000000000e+00
7.270000000000000000e+02 0.000000000000000000e+00
4.740000000000000000e+02 1.540000000000000000e+02
3.815000000000000000e+02 2.150000000000000000e+01
5.835000000000000000e+02 4.165000000000000000e+02
7.170000000000000000e+02 2.830000000000000000e+02
6.730000000000000000e+02 3.270000000000000000e+02
