1.003999996185302734e+01 8.937471389770507812e+00
1.169767475128173828e+01 8.065241813659667969e+00
2.175000000000000000e+01 1.178717517852783203e+01
3.892307662963867188e+01 1.992084884643554688e+01
3.764285659790039062e+01 1.248774814605712891e+01
4.508333206176757812e+01 1.344407176971435547e+01
4.566666793823242188e+01 1.959308242797851562e+01
5.459999847412109375e+01 2.991387557983398438e+01
6.350000000000000000e+01 3.488911056518554688e+01
5.588888931274414062e+01 2.217328071594238281e+01
5.909999847412109375e+01 2.294972991943359375e+01
7.050000000000000000e+01 2.329699516296386719e+01
6.222222137451171875e+01 3.372364044189453125e+01
5.555555725097656250e+01 2.353300857543945312e+01
6.762500000000000000e+01 2.563658332824707031e+01
7.514286041259765625e+01 2.233145523071289062e+01
5.855555725097656250e+01 1.027522468566894531e+01
5.688888931274414062e+01 5.065009117126464844e+00
5.159999847412109375e+01 7.761443138122558594e+00
4.333333206176757812e+01 1.619327545166015625e+01
3.506666564941406250e+01 1.329394245147705078e+01
5.250000000000000000e+01 4.964876651763916016e+00
5.679999923706054688e+01 1.927070426940917969e+01
1.068000030517578125e+02 3.140955352783203125e+01
8.128571319580078125e+01 1.051141262054443359e+01
7.785713958740234375e+01 1.014788627624511719e+01
6.587500000000000000e+01 3.822221279144287109e+00
6.525000000000000000e+01 2.817356824874877930e+00
5.059999847412109375e+01 1.649363517761230469e+01
5.988888931274414062e+01 1.166613674163818359e+01
6.325000000000000000e+01 9.769211769104003906e+00
6.222222137451171875e+01 1.329810237884521484e+01
6.487500000000000000e+01 1.891717147827148438e+01
8.128571319580078125e+01 2.310667228698730469e+01
8.085713958740234375e+01 2.470065689086914062e+01
8.550000000000000000e+01 3.254100036621093750e+01
7.342857360839843750e+01 1.695251464843750000e+01
4.516666793823242188e+01 1.450191593170166016e+01
6.044444274902343750e+01 1.349988555908203125e+01
5.079999923706054688e+01 1.741149139404296875e+01
8.471428680419921875e+01 4.586849212646484375e+01
1.437500000000000000e+02 3.217433166503906250e+01
1.302500000000000000e+02 4.168557739257812500e+01
1.114000015258789062e+02 7.889233112335205078e+00
9.333333587646484375e+01 1.424390792846679688e+01
8.416666412353515625e+01 7.243771553039550781e+00
6.987500000000000000e+01 3.550968170166015625e+00
5.370000076293945312e+01 1.575468158721923828e+01
4.890909194946289062e+01 2.008823585510253906e+01
3.807143020629882812e+01 2.056163024902343750e+01
3.828571319580078125e+01 1.927777481079101562e+01
4.038461685180664062e+01 1.864460372924804688e+01
4.600000000000000000e+01 1.811578941345214844e+01
5.822222137451171875e+01 2.935521125793457031e+00
6.662500000000000000e+01 5.023382663726806641e+00
7.314286041259765625e+01 5.667666912078857422e+00
7.571428680419921875e+01 5.390846729278564453e+00
8.333333587646484375e+01 6.018490314483642578e+00
8.883333587646484375e+01 1.463348579406738281e+01
9.366666412353515625e+01 9.159087181091308594e+00
1.135999984741210938e+02 1.163786888122558594e+01
2.296666717529296875e+02 7.269265747070312500e+01
2.063333282470703125e+02 5.235986328125000000e+01
2.163333282470703125e+02 5.876696014404296875e+01
1.685000000000000000e+02 1.158662986755371094e+01
1.693333282470703125e+02 2.800396728515625000e+01
1.340000000000000000e+02 3.769350051879882812e+01
1.317500000000000000e+02 3.544978713989257812e+01
1.250000000000000000e+02 5.840804672241210938e+01
2.260000000000000000e+02 2.336664199829101562e+01
1.920000000000000000e+02 3.244482421875000000e+01
1.896666717529296875e+02 6.340522384643554688e+01
1.572500000000000000e+02 1.448059082031250000e+01
1.705000000000000000e+02 1.600781059265136719e+01
1.562500000000000000e+02 2.069269180297851562e+01
1.776666717529296875e+02 3.249957275390625000e+01
2.216666717529296875e+02 2.788468170166015625e+01
2.520000000000000000e+02 1.900000000000000000e+01
2.436666717529296875e+02 5.508982467651367188e+01
2.585000000000000000e+02 1.250000000000000000e+01
1.830000000000000000e+02 2.727636337280273438e+01
1.776666717529296875e+02 1.249888896942138672e+01
1.537500000000000000e+02 2.325268745422363281e+01
1.340000000000000000e+02 7.348469257354736328e+00
1.330000000000000000e+02 1.394632530212402344e+01
1.322500000000000000e+02 1.908369636535644531e+01
1.285000000000000000e+02 1.507481384277343750e+01
1.385000000000000000e+02 1.494155311584472656e+01
1.322500000000000000e+02 1.096300601959228516e+01
1.240000000000000000e+02 3.741657495498657227e+00
1.191999969482421875e+02 8.182909011840820312e+00
1.407500000000000000e+02 1.049702358245849609e+01
1.340000000000000000e+02 1.002496910095214844e+01
1.407500000000000000e+02 2.680951356887817383e+00
1.390000000000000000e+02 5.873670101165771484e+00
1.277500000000000000e+02 1.249749946594238281e+01
1.060000000000000000e+02 3.484728622436523438e+01
9.233333587646484375e+01 4.754880523681640625e+01
8.742857360839843750e+01 4.294467163085937500e+01
1.405000000000000000e+02 7.734823608398437500e+01
