-3.088532714843750000e+02 1.698411407470703125e+02
-1.898556518554687500e+02 1.124575500488281250e+02
-1.473046722412109375e+02 8.266429901123046875e+01
-1.268108673095703125e+02 5.928785705566406250e+01
-1.265142364501953125e+02 5.650296783447265625e+01
-1.193479156494140625e+02 4.673382949829101562e+01
-1.068722229003906250e+02 3.770450973510742188e+01
-1.043209609985351562e+02 4.259719085693359375e+01
-9.450852966308593750e+01 3.759665679931640625e+01
-8.416539764404296875e+01 3.696729660034179688e+01
-6.809800720214843750e+01 3.533287048339843750e+01
-5.574184417724609375e+01 3.577777862548828125e+01
-4.771874618530273438e+01 4.137826156616210938e+01
-5.354505538940429688e+01 6.575456237792968750e+01
-7.907436370849609375e+01 8.907316589355468750e+01
-1.400919799804687500e+02 8.716876220703125000e+01
-1.456482696533203125e+02 7.956746673583984375e+01
-1.214516448974609375e+02 7.933131408691406250e+01
-1.227838516235351562e+02 7.860402679443359375e+01
-9.300807189941406250e+01 8.223056030273437500e+01
-8.060732269287109375e+01 8.591624450683593750e+01
-3.554189300537109375e+01 6.658674621582031250e+01
-2.704417037963867188e+01 6.157522583007812500e+01
-1.930485606193542480e+00 5.452174758911132812e+01
3.144591712951660156e+01 3.843687438964843750e+01
3.260362625122070312e+01 3.776858520507812500e+01
4.109986114501953125e+01 4.147319030761718750e+01
3.489368057250976562e+01 4.380127716064453125e+01
4.781089401245117188e+01 5.149950027465820312e+01
4.356219100952148438e+01 5.002778244018554688e+01
4.597757339477539062e+01 5.438639450073242188e+01
5.269801712036132812e+01 5.839427947998046875e+01
7.312590789794921875e+01 5.858491897583007812e+01
7.957779693603515625e+01 6.298188781738281250e+01
9.043888854980468750e+01 6.010720443725585938e+01
9.784145355224609375e+01 6.152981185913085938e+01
9.683234405517578125e+01 5.633540725708007812e+01
8.298581695556640625e+01 5.973230361938476562e+01
9.822218322753906250e+01 6.176288604736328125e+01
1.080041427612304688e+02 5.437771987915039062e+01
8.809757995605468750e+01 5.989756774902343750e+01
8.291123962402343750e+01 6.224316787719726562e+01
1.096332931518554688e+02 4.563686370849609375e+01
1.205985946655273438e+02 3.543010711669921875e+01
1.348280639648437500e+02 2.422399711608886719e+01
1.353106689453125000e+02 2.888966560363769531e+01
1.228580856323242188e+02 5.115996551513671875e+01
1.280636444091796875e+02 5.423620605468750000e+01
1.442596435546875000e+02 3.383784103393554688e+01
1.381050415039062500e+02 4.385032653808593750e+01
1.380686035156250000e+02 4.107081604003906250e+01
1.267155914306640625e+02 5.945786285400390625e+01
1.304335784912109375e+02 5.621570205688476562e+01
1.300769500732421875e+02 6.324831390380859375e+01
1.329411621093750000e+02 5.292877197265625000e+01
1.313158416748046875e+02 6.087070083618164062e+01
1.084975128173828125e+02 7.003523254394531250e+01
1.252500381469726562e+02 6.006124114990234375e+01
1.250216140747070312e+02 6.353362655639648438e+01
1.368309936523437500e+02 4.735881805419921875e+01
1.399823303222656250e+02 3.252256774902343750e+01
1.468358764648437500e+02 3.946432113647460938e+01
1.374028930664062500e+02 4.620635223388671875e+01
1.441817016601562500e+02 3.950563049316406250e+01
1.333129882812500000e+02 3.890018081665039062e+01
1.330164184570312500e+02 5.112014770507812500e+01
1.407871551513671875e+02 3.029045867919921875e+01
1.190332565307617188e+02 5.450735473632812500e+01
1.102979888916015625e+02 6.657418060302734375e+01
1.283336029052734375e+02 4.438014602661132812e+01
1.153664398193359375e+02 5.554311370849609375e+01
1.213054428100585938e+02 5.101597976684570312e+01
1.419446105957031250e+02 4.959846496582031250e+01
1.336882476806640625e+02 5.093975830078125000e+01
1.314199371337890625e+02 4.408235931396484375e+01
1.454205322265625000e+02 3.297128295898437500e+01
1.452116088867187500e+02 3.160277366638183594e+01
1.497242584228515625e+02 3.206494522094726562e+01
1.363253173828125000e+02 2.346079063415527344e+01
1.435652923583984375e+02 3.071897315979003906e+01
1.413681640625000000e+02 3.535078811645507812e+01
1.248608322143554688e+02 5.388784408569335938e+01
1.307355499267578125e+02 4.067223739624023438e+01
1.130182647705078125e+02 6.552711486816406250e+01
1.299800415039062500e+02 3.936114120483398438e+01
1.297616882324218750e+02 4.033277130126953125e+01
1.326089172363281250e+02 3.532493209838867188e+01
1.248763504028320312e+02 5.106106185913085938e+01
1.376033020019531250e+02 2.503539466857910156e+01
1.344933776855468750e+02 3.303966522216796875e+01
1.354838867187500000e+02 2.929922103881835938e+01
1.282288360595703125e+02 3.940172576904296875e+01
1.293022918701171875e+02 3.057588958740234375e+01
1.339859161376953125e+02 2.495875930786132812e+01
1.432563171386718750e+02 2.023618698120117188e+01
1.390326538085937500e+02 2.586779594421386719e+01
1.390605621337890625e+02 2.373449325561523438e+01
1.408845977783203125e+02 2.649513626098632812e+01
1.319438171386718750e+02 4.338431167602539062e+01
1.355231475830078125e+02 3.295740890502929688e+01
