-9.218311309814453125e+01 3.859244918823242188e+01
-7.891497039794921875e+01 3.474968719482421875e+01
-8.078046417236328125e+01 3.216302108764648438e+01
-7.153253936767578125e+01 3.107927703857421875e+01
-6.839882659912109375e+01 2.790999603271484375e+01
-5.848615646362304688e+01 2.532827377319335938e+01
-5.869671249389648438e+01 2.656312561035156250e+01
-5.276198959350585938e+01 2.778385734558105469e+01
-5.153398132324218750e+01 2.700558471679687500e+01
-4.990403747558593750e+01 2.503874778747558594e+01
-4.333171081542968750e+01 2.581892967224121094e+01
-4.245409011840820312e+01 2.590451049804687500e+01
-4.079812622070312500e+01 2.424254417419433594e+01
-4.156440734863281250e+01 2.435938072204589844e+01
-3.710952377319335938e+01 2.370907783508300781e+01
-3.593320846557617188e+01 2.193960762023925781e+01
-3.138166618347167969e+01 2.154272460937500000e+01
-2.621530914306640625e+01 2.099979400634765625e+01
-2.367222595214843750e+01 2.019511985778808594e+01
-2.139094352722167969e+01 1.918960571289062500e+01
-1.855719566345214844e+01 1.546590805053710938e+01
-1.907908439636230469e+01 1.557589435577392578e+01
-1.607099151611328125e+01 1.592327404022216797e+01
-1.308629226684570312e+01 1.499360847473144531e+01
-1.015313911437988281e+01 1.433095836639404297e+01
-8.240996360778808594e+00 1.545165443420410156e+01
-6.376392841339111328e+00 1.376301956176757812e+01
-6.254334449768066406e+00 1.293023967742919922e+01
-1.875724673271179199e+00 1.265837001800537109e+01
2.543988704681396484e+00 1.170159721374511719e+01
6.903155803680419922e+00 1.215171909332275391e+01
1.154766464233398438e+01 1.272518634796142578e+01
1.421335983276367188e+01 1.360178661346435547e+01
2.307420921325683594e+01 1.470344924926757812e+01
2.793088722229003906e+01 1.719467735290527344e+01
2.860200881958007812e+01 2.609597206115722656e+01
3.639069747924804688e+01 2.637042617797851562e+01
4.711738586425781250e+01 2.076795768737792969e+01
5.247479629516601562e+01 1.730826187133789062e+01
5.429327392578125000e+01 1.772862434387207031e+01
5.704517364501953125e+01 1.907291412353515625e+01
6.492346191406250000e+01 2.363810157775878906e+01
6.241199111938476562e+01 2.224283599853515625e+01
7.383166503906250000e+01 2.323573303222656250e+01
7.502980804443359375e+01 2.216327285766601562e+01
7.276634216308593750e+01 2.450309181213378906e+01
8.758669281005859375e+01 2.131550598144531250e+01
9.725225067138671875e+01 1.790362358093261719e+01
9.224269104003906250e+01 2.172745323181152344e+01
9.265325927734375000e+01 2.724803733825683594e+01
9.127002716064453125e+01 3.081997489929199219e+01
9.784642028808593750e+01 2.731293869018554688e+01
9.943789672851562500e+01 2.463022232055664062e+01
9.969053649902343750e+01 2.722163772583007812e+01
1.086330032348632812e+02 2.077892303466796875e+01
1.084196395874023438e+02 2.655362701416015625e+01
1.113967437744140625e+02 2.936674499511718750e+01
1.201559906005859375e+02 2.022404098510742188e+01
1.244940948486328125e+02 1.925917434692382812e+01
1.256096801757812500e+02 2.179456901550292969e+01
1.266740722656250000e+02 2.393775558471679688e+01
1.249736480712890625e+02 2.440578269958496094e+01
1.287075195312500000e+02 1.936717987060546875e+01
1.351179656982421875e+02 1.820823478698730469e+01
1.340532073974609375e+02 2.274321556091308594e+01
1.357581176757812500e+02 1.991794013977050781e+01
1.336536712646484375e+02 2.210453224182128906e+01
1.356101226806640625e+02 2.123117637634277344e+01
1.396159667968750000e+02 2.166580581665039062e+01
1.425337982177734375e+02 2.052100181579589844e+01
1.399816894531250000e+02 2.190163993835449219e+01
1.388361968994140625e+02 2.703435707092285156e+01
1.432512969970703125e+02 2.444942855834960938e+01
1.508839874267578125e+02 2.631458091735839844e+01
1.492911987304687500e+02 2.700286102294921875e+01
1.498936309814453125e+02 2.560595893859863281e+01
1.375428009033203125e+02 3.113148880004882812e+01
1.434495697021484375e+02 2.328926658630371094e+01
1.567703094482421875e+02 1.707109642028808594e+01
1.584230194091796875e+02 1.820999908447265625e+01
1.475707702636718750e+02 1.631040954589843750e+01
1.535583648681640625e+02 1.749809265136718750e+01
1.352867126464843750e+02 2.348132133483886719e+01
1.320005798339843750e+02 2.322927474975585938e+01
1.448417968750000000e+02 1.967484474182128906e+01
1.510925903320312500e+02 2.008027076721191406e+01
1.417949676513671875e+02 2.452408218383789062e+01
1.325562286376953125e+02 3.937710571289062500e+01
1.471659545898437500e+02 2.669719886779785156e+01
1.508412322998046875e+02 2.556304931640625000e+01
1.429001617431640625e+02 1.953608512878417969e+01
1.402167053222656250e+02 1.970723724365234375e+01
1.419239044189453125e+02 1.944410133361816406e+01
1.495555877685546875e+02 1.604707145690917969e+01
1.451517486572265625e+02 1.623376655578613281e+01
1.466973266601562500e+02 1.866608810424804688e+01
1.500497283935546875e+02 2.296306610107421875e+01
1.448109130859375000e+02 2.341962051391601562e+01
1.497119445800781250e+02 3.195675849914550781e+01
1.558062896728515625e+02 3.104560852050781250e+01
