-9.218311309814453125e+01 3.859244918823242188e+01
-9.425492858886718750e+01 3.699271774291992188e+01
-9.671517944335937500e+01 3.584732055664062500e+01
-9.532007598876953125e+01 3.407771301269531250e+01
-1.008398208618164062e+02 3.631208419799804688e+01
-1.032249374389648438e+02 3.424070739746093750e+01
-9.975035095214843750e+01 3.114174079895019531e+01
-1.022564620971679688e+02 3.268580245971679688e+01
-9.509618377685546875e+01 3.104982566833496094e+01
-9.291146087646484375e+01 3.036598205566406250e+01
-9.120864105224609375e+01 2.989701271057128906e+01
-8.714382171630859375e+01 2.873485946655273438e+01
-8.163891601562500000e+01 2.819639205932617188e+01
-7.696293640136718750e+01 2.846098709106445312e+01
-7.105729675292968750e+01 2.841052055358886719e+01
-6.672553253173828125e+01 2.978572845458984375e+01
-6.307685470581054688e+01 3.180632591247558594e+01
-5.877288436889648438e+01 2.933189010620117188e+01
-5.520687866210937500e+01 2.987060356140136719e+01
-5.514019012451171875e+01 3.132176780700683594e+01
-5.217055892944335938e+01 2.999869537353515625e+01
-4.584041213989257812e+01 3.190187263488769531e+01
-4.944522857666015625e+01 2.887794685363769531e+01
-4.305752944946289062e+01 3.453168487548828125e+01
-3.410330963134765625e+01 3.291355133056640625e+01
-3.008079910278320312e+01 2.895947647094726562e+01
-2.948945236206054688e+01 2.714322471618652344e+01
-3.935916900634765625e+01 2.110083961486816406e+01
-4.219403457641601562e+01 1.952491760253906250e+01
-4.465340423583984375e+01 1.618561553955078125e+01
-4.425509643554687500e+01 1.395776653289794922e+01
-4.186988067626953125e+01 1.444813060760498047e+01
-3.585801315307617188e+01 1.392141437530517578e+01
-3.335317230224609375e+01 1.570935153961181641e+01
-2.985896301269531250e+01 1.818003082275390625e+01
-2.935322761535644531e+01 1.728330612182617188e+01
-2.701702308654785156e+01 2.097178077697753906e+01
-2.428470611572265625e+01 2.108825302124023438e+01
-1.932227706909179688e+01 1.828250122070312500e+01
-1.884118270874023438e+01 1.741750526428222656e+01
-2.238361549377441406e+01 1.421284484863281250e+01
-2.461646652221679688e+01 1.393433666229248047e+01
-2.652834320068359375e+01 1.346908092498779297e+01
-2.651105308532714844e+01 1.283955860137939453e+01
-2.702922248840332031e+01 1.443946456909179688e+01
-2.307442283630371094e+01 1.470859432220458984e+01
-1.626376152038574219e+01 1.607886314392089844e+01
-1.341738510131835938e+01 1.999728584289550781e+01
-2.674516677856445312e+00 2.457758903503417969e+01
-9.542355537414550781e-01 3.428565216064453125e+01
-5.736974239349365234e+00 4.108439254760742188e+01
-5.240473151206970215e-01 4.234365081787109375e+01
-2.649019241333007812e+00 4.347105026245117188e+01
-2.507254838943481445e+00 3.713143920898437500e+01
3.788181066513061523e+00 3.834532546997070312e+01
2.362955808639526367e+00 3.361384201049804688e+01
4.358886718750000000e+00 3.256780242919921875e+01
4.409637928009033203e+00 2.996164512634277344e+01
6.033889770507812500e+00 2.626815795898437500e+01
2.364778518676757812e+00 2.171056747436523438e+01
-2.413728713989257812e+00 1.988139533996582031e+01
-1.367388248443603516e+01 1.496931171417236328e+01
-2.163844871520996094e+01 1.337115764617919922e+01
-3.022606468200683594e+01 1.172081661224365234e+01
-3.536855697631835938e+01 1.139316654205322266e+01
-3.606053543090820312e+01 1.268039989471435547e+01
-3.189692306518554688e+01 1.259875583648681641e+01
-2.725707054138183594e+01 1.344723415374755859e+01
-2.519464492797851562e+01 1.641163635253906250e+01
-2.223778915405273438e+01 1.764935874938964844e+01
-1.392064094543457031e+01 1.812955474853515625e+01
-1.293355846405029297e+01 1.907192230224609375e+01
-1.141058254241943359e+01 1.753105735778808594e+01
-1.069463157653808594e+01 1.930151367187500000e+01
-1.657962417602539062e+01 2.191099739074707031e+01
-1.784643936157226562e+01 2.256718444824218750e+01
-1.624330902099609375e+01 2.341437339782714844e+01
-1.398228359222412109e+01 2.236595535278320312e+01
-8.303063392639160156e+00 2.532492256164550781e+01
6.203306317329406738e-01 2.685815048217773438e+01
4.016655445098876953e+00 3.211902618408203125e+01
9.225584030151367188e+00 3.434341049194335938e+01
8.290430068969726562e+00 3.393913269042968750e+01
1.103152847290039062e+01 3.350424194335937500e+01
1.023101043701171875e+01 3.731649017333984375e+01
1.527423763275146484e+01 3.244576263427734375e+01
1.466332721710205078e+01 3.177600288391113281e+01
1.809563064575195312e+01 2.146830368041992188e+01
1.988788223266601562e+01 2.660023880004882812e+01
2.004971885681152344e+01 3.452794265747070312e+01
1.545594882965087891e+01 4.209151840209960938e+01
5.560663700103759766e+00 4.151803970336914062e+01
-8.238079071044921875e+00 4.749940490722656250e+01
-2.267472457885742188e+01 5.863248062133789062e+01
-2.151173973083496094e+01 5.848664855957031250e+01
-1.093365287780761719e+01 6.096303176879882812e+01
-5.157599449157714844e+00 6.438439178466796875e+01
1.871209716796875000e+01 5.395534515380859375e+01
3.326631927490234375e+01 3.966966247558593750e+01
3.846548080444335938e+01 2.489731216430664062e+01
