-9.337714385986328125e+01 3.671800613403320312e+01
-8.056516265869140625e+01 3.302271652221679688e+01
-7.793032073974609375e+01 3.468554687500000000e+01
-7.102760314941406250e+01 3.060987663269042969e+01
-6.976111602783203125e+01 3.285620880126953125e+01
-6.405264282226562500e+01 3.076413917541503906e+01
-6.162212753295898438e+01 3.196738433837890625e+01
-5.591936874389648438e+01 2.995221900939941406e+01
-5.172451019287109375e+01 2.872085762023925781e+01
-5.127684783935546875e+01 3.096786880493164062e+01
-4.679717636108398438e+01 2.987352371215820312e+01
-4.020740127563476562e+01 2.737583541870117188e+01
-3.699320983886718750e+01 2.547943115234375000e+01
-3.237194061279296875e+01 2.494261360168457031e+01
-2.855774116516113281e+01 2.400776481628417969e+01
-2.707555961608886719e+01 2.517628860473632812e+01
-2.630348205566406250e+01 2.412178611755371094e+01
-2.811377525329589844e+01 2.577151870727539062e+01
-2.497412681579589844e+01 2.597357368469238281e+01
-2.369331550598144531e+01 2.241556167602539062e+01
-2.101857757568359375e+01 1.981932258605957031e+01
-1.703975105285644531e+01 1.941404151916503906e+01
-1.951941108703613281e+01 2.169066429138183594e+01
-1.845850563049316406e+01 2.210473060607910156e+01
-1.650744056701660156e+01 1.985289001464843750e+01
-1.229152774810791016e+01 1.699877548217773438e+01
-6.805814266204833984e+00 1.639930152893066406e+01
-3.378295183181762695e+00 1.708021736145019531e+01
1.020841822028160095e-01 1.567600154876708984e+01
1.916467666625976562e+00 1.706189155578613281e+01
4.841517448425292969e+00 1.703446197509765625e+01
5.969041824340820312e+00 1.669516563415527344e+01
8.026349067687988281e+00 1.773172569274902344e+01
1.287520122528076172e+01 1.828897857666015625e+01
1.555732727050781250e+01 1.677606582641601562e+01
2.599045562744140625e+01 1.823289108276367188e+01
3.374383544921875000e+01 1.769869422912597656e+01
3.612147521972656250e+01 1.979304695129394531e+01
4.252040863037109375e+01 1.779012870788574219e+01
3.956840896606445312e+01 1.661252593994140625e+01
4.740340423583984375e+01 1.943811416625976562e+01
5.413455200195312500e+01 1.973255920410156250e+01
5.919128799438476562e+01 2.058843421936035156e+01
6.635558319091796875e+01 2.041428565979003906e+01
6.743807983398437500e+01 2.064205169677734375e+01
6.066827392578125000e+01 2.015266036987304688e+01
6.576153564453125000e+01 1.820468330383300781e+01
6.723085021972656250e+01 1.922381591796875000e+01
7.433953857421875000e+01 1.790276527404785156e+01
7.650921630859375000e+01 1.994292640686035156e+01
7.597917175292968750e+01 2.123147010803222656e+01
8.628510284423828125e+01 1.844169616699218750e+01
9.131700897216796875e+01 1.778344154357910156e+01
8.928974914550781250e+01 1.776182746887207031e+01
9.550019836425781250e+01 1.475708484649658203e+01
9.204144287109375000e+01 1.581264114379882812e+01
1.023242187500000000e+02 1.573678207397460938e+01
1.101428222656250000e+02 1.396149635314941406e+01
1.080199279785156250e+02 1.819605445861816406e+01
1.116083526611328125e+02 1.999678230285644531e+01
1.157204818725585938e+02 1.766729164123535156e+01
1.154406890869140625e+02 1.871535301208496094e+01
1.149814300537109375e+02 1.931886863708496094e+01
1.174076385498046875e+02 1.835656738281250000e+01
1.109836196899414062e+02 1.958809471130371094e+01
1.098735656738281250e+02 1.694802856445312500e+01
1.131622009277343750e+02 1.549688625335693359e+01
1.109827728271484375e+02 1.639924240112304688e+01
1.242000885009765625e+02 1.668852615356445312e+01
1.242778625488281250e+02 1.510393810272216797e+01
1.156594009399414062e+02 1.689204978942871094e+01
1.105730972290039062e+02 1.552928733825683594e+01
1.083728103637695312e+02 1.541977119445800781e+01
1.197251052856445312e+02 1.504773426055908203e+01
1.281535491943359375e+02 1.543323802947998047e+01
1.341799468994140625e+02 1.535708236694335938e+01
1.382973175048828125e+02 1.492895507812500000e+01
1.385611877441406250e+02 1.539405059814453125e+01
1.328869323730468750e+02 1.677879905700683594e+01
1.356204071044921875e+02 1.414365959167480469e+01
1.388764495849609375e+02 1.656819534301757812e+01
1.367388153076171875e+02 1.902382659912109375e+01
1.459145355224609375e+02 1.767252922058105469e+01
1.447063140869140625e+02 1.781382179260253906e+01
1.452680206298828125e+02 1.569879817962646484e+01
1.394724884033203125e+02 1.805162239074707031e+01
1.410957641601562500e+02 1.770855522155761719e+01
1.465526428222656250e+02 1.868855476379394531e+01
1.510277862548828125e+02 1.582133293151855469e+01
1.473408203125000000e+02 1.811308860778808594e+01
1.480940551757812500e+02 1.537348270416259766e+01
1.469757690429687500e+02 1.818643760681152344e+01
1.477041015625000000e+02 1.646835899353027344e+01
1.476374664306640625e+02 1.643906784057617188e+01
1.520345611572265625e+02 1.576434421539306641e+01
1.563611450195312500e+02 1.614381408691406250e+01
1.574151458740234375e+02 1.769089126586914062e+01
1.485440521240234375e+02 1.854370117187500000e+01
1.464767456054687500e+02 1.731542778015136719e+01
1.520332031250000000e+02 1.439840126037597656e+01
