-9.337714385986328125e+01 3.671800613403320312e+01
-9.257325744628906250e+01 3.550780487060546875e+01
-9.689048004150390625e+01 3.294041061401367188e+01
-1.002826156616210938e+02 3.438868713378906250e+01
-9.681867980957031250e+01 3.228742980957031250e+01
-9.711148071289062500e+01 3.288343811035156250e+01
-1.032311019897460938e+02 3.393614959716796875e+01
-9.827769470214843750e+01 2.945810699462890625e+01
-9.323640441894531250e+01 2.903355216979980469e+01
-8.786899566650390625e+01 3.082767295837402344e+01
-8.125540161132812500e+01 2.758569335937500000e+01
-7.612465667724609375e+01 2.540842819213867188e+01
-7.267176055908203125e+01 2.756546211242675781e+01
-6.578862762451171875e+01 2.634291267395019531e+01
-6.206318283081054688e+01 2.733640289306640625e+01
-6.313519668579101562e+01 2.700801658630371094e+01
-5.557677841186523438e+01 2.624325180053710938e+01
-5.658158874511718750e+01 2.447211837768554688e+01
-5.147367477416992188e+01 2.520662689208984375e+01
-4.914167022705078125e+01 2.435570526123046875e+01
-4.804364395141601562e+01 2.623124885559082031e+01
-4.879586029052734375e+01 2.236040878295898438e+01
-5.107511901855468750e+01 1.983329963684082031e+01
-5.237903976440429688e+01 1.796596908569335938e+01
-5.130192947387695312e+01 1.765934181213378906e+01
-4.884053802490234375e+01 1.656826972961425781e+01
-5.000271606445312500e+01 1.681274986267089844e+01
-4.806795501708984375e+01 1.635839271545410156e+01
-3.966114807128906250e+01 1.836599540710449219e+01
-3.334016036987304688e+01 2.043003463745117188e+01
-2.961875915527343750e+01 2.320430564880371094e+01
-3.645051193237304688e+01 3.235330200195312500e+01
-3.236754989624023438e+01 3.525629425048828125e+01
-3.318473434448242188e+01 4.245792388916015625e+01
-2.917356300354003906e+01 4.565948867797851562e+01
-2.836782264709472656e+01 4.641962814331054688e+01
-1.661624908447265625e+01 4.590518569946289062e+01
-2.144798088073730469e+01 4.095056533813476562e+01
-2.992830467224121094e+01 3.810761260986328125e+01
-3.632883071899414062e+01 3.258074951171875000e+01
-4.217905426025390625e+01 2.992413330078125000e+01
-4.311745071411132812e+01 2.902745437622070312e+01
-3.944794845581054688e+01 2.899120140075683594e+01
-2.821174430847167969e+01 2.865909576416015625e+01
-1.779941558837890625e+01 2.597704887390136719e+01
-1.413140392303466797e+01 2.243351554870605469e+01
-1.181410503387451172e+01 2.472098159790039062e+01
-6.835019111633300781e+00 2.487430572509765625e+01
-6.132358074188232422e+00 2.671989631652832031e+01
-3.132221937179565430e+00 2.863612174987792969e+01
-1.444075226783752441e+00 2.917273712158203125e+01
5.609891414642333984e+00 2.987224769592285156e+01
5.759882450103759766e+00 3.185144233703613281e+01
3.825102567672729492e+00 3.479790496826171875e+01
2.765852689743041992e+00 3.023864364624023438e+01
4.952647209167480469e+00 3.592487716674804688e+01
7.780545711517333984e+00 3.558738327026367188e+01
4.633399963378906250e+00 2.722638511657714844e+01
6.300317287445068359e+00 2.762636375427246094e+01
6.388312816619873047e+00 2.970824623107910156e+01
1.551221752166748047e+01 3.315870285034179688e+01
1.102386093139648438e+01 4.088360214233398438e+01
1.037635707855224609e+01 5.662673187255859375e+01
1.360679388046264648e+00 6.440670776367187500e+01
-1.427173137664794922e+00 7.186656951904296875e+01
-2.039032745361328125e+01 7.790989685058593750e+01
-2.165202903747558594e+01 7.685534667968750000e+01
-8.053836822509765625e+00 7.445305633544921875e+01
1.049212455749511719e+01 6.903698730468750000e+01
2.510008049011230469e+01 6.024538803100585938e+01
3.356116867065429688e+01 5.613415908813476562e+01
2.702093696594238281e+01 4.535274887084960938e+01
2.275069046020507812e+01 3.534408569335937500e+01
2.163964271545410156e+01 3.430069732666015625e+01
3.682630157470703125e+01 3.394552993774414062e+01
3.685887145996093750e+01 4.594798660278320312e+01
3.220163726806640625e+01 5.082929229736328125e+01
1.647781944274902344e+01 6.181920242309570312e+01
5.511260032653808594e+00 7.096261596679687500e+01
-4.081899642944335938e+00 6.268770599365234375e+01
-2.953733444213867188e+00 6.717277526855468750e+01
-5.349924087524414062e+00 6.073941040039062500e+01
2.990083694458007812e+00 5.721744918823242188e+01
-3.777385950088500977e-01 6.088132476806640625e+01
1.063430500030517578e+01 6.335640335083007812e+01
5.941059589385986328e+00 6.374472427368164062e+01
8.012719154357910156e+00 6.446691894531250000e+01
1.244591522216796875e+01 4.651880645751953125e+01
5.444502830505371094e+00 4.697120285034179688e+01
-1.171055698394775391e+01 5.421795654296875000e+01
-3.428408050537109375e+01 5.486861419677734375e+01
-2.948473739624023438e+01 5.516299819946289062e+01
-1.871312904357910156e+01 5.178261566162109375e+01
-3.134488344192504883e+00 5.737000274658203125e+01
-4.423499584197998047e+00 7.001789855957031250e+01
-1.020216584205627441e+00 6.813120269775390625e+01
1.615315628051757812e+01 6.458030700683593750e+01
3.165907287597656250e+01 6.176337814331054688e+01
4.163015747070312500e+01 5.736078262329101562e+01
4.874345779418945312e+01 6.443338012695312500e+01
