-9.218311309814453125e+01 3.859244918823242188e+01
-8.046969604492187500e+01 3.438866043090820312e+01
-7.832005310058593750e+01 2.922911262512207031e+01
-7.450444793701171875e+01 3.147093772888183594e+01
-7.308870697021484375e+01 2.764054298400878906e+01
-6.219681930541992188e+01 2.744288825988769531e+01
-5.892732238769531250e+01 2.821583366394042969e+01
-5.678634643554687500e+01 3.146942520141601562e+01
-5.411688232421875000e+01 2.884138488769531250e+01
-5.027289581298828125e+01 2.917286682128906250e+01
-4.515679550170898438e+01 2.765465736389160156e+01
-3.980225372314453125e+01 2.513386726379394531e+01
-4.015833282470703125e+01 2.613800239562988281e+01
-3.821752166748046875e+01 2.527871704101562500e+01
-3.589905929565429688e+01 2.436150741577148438e+01
-3.144500350952148438e+01 2.083863639831542969e+01
-2.992711067199707031e+01 2.169308471679687500e+01
-2.572219085693359375e+01 2.077782440185546875e+01
-2.347446250915527344e+01 2.037693595886230469e+01
-2.382393264770507812e+01 2.060606575012207031e+01
-2.358782386779785156e+01 1.817808151245117188e+01
-2.310812187194824219e+01 1.864968109130859375e+01
-2.196824455261230469e+01 1.593886661529541016e+01
-1.985049247741699219e+01 1.402594757080078125e+01
-1.497126674652099609e+01 1.314979171752929688e+01
-1.186631393432617188e+01 1.412774181365966797e+01
-9.121652603149414062e+00 1.348747634887695312e+01
-5.994036197662353516e+00 1.193572902679443359e+01
-3.404036283493041992e+00 1.199766445159912109e+01
-2.199785232543945312e+00 1.460519886016845703e+01
2.676553010940551758e+00 1.561412429809570312e+01
7.807435035705566406e+00 1.627733993530273438e+01
1.483628177642822266e+01 1.820373725891113281e+01
2.065990257263183594e+01 1.801332283020019531e+01
2.289590263366699219e+01 2.161930084228515625e+01
2.943892288208007812e+01 2.138423156738281250e+01
3.263732910156250000e+01 2.263921928405761719e+01
3.563880157470703125e+01 2.053453826904296875e+01
3.896427536010742188e+01 2.097243309020996094e+01
4.471017837524414062e+01 2.216231536865234375e+01
4.476163482666015625e+01 2.692209625244140625e+01
5.337210464477539062e+01 2.627215576171875000e+01
6.372914505004882812e+01 2.701279258728027344e+01
6.460111236572265625e+01 2.879772377014160156e+01
6.814865112304687500e+01 2.834527587890625000e+01
7.098249053955078125e+01 2.947076797485351562e+01
7.746804809570312500e+01 2.500255393981933594e+01
8.705831146240234375e+01 1.913309478759765625e+01
8.668594360351562500e+01 2.214006614685058594e+01
9.064165496826171875e+01 2.183089065551757812e+01
9.648257446289062500e+01 2.525559234619140625e+01
9.862590026855468750e+01 2.911939620971679688e+01
9.700753021240234375e+01 3.119602394104003906e+01
9.860909271240234375e+01 3.343004226684570312e+01
9.767259216308593750e+01 3.013214492797851562e+01
1.027051925659179688e+02 2.221224784851074219e+01
1.026281051635742188e+02 2.072778701782226562e+01
9.517830657958984375e+01 2.465791130065917969e+01
9.064128112792968750e+01 3.886858749389648438e+01
1.155953979492187500e+02 2.527087211608886719e+01
1.212191772460937500e+02 2.249524688720703125e+01
1.230465927124023438e+02 2.339640617370605469e+01
1.225342636108398438e+02 2.396406936645507812e+01
1.319670867919921875e+02 2.344690513610839844e+01
1.255270156860351562e+02 3.021403121948242188e+01
9.159530639648437500e+01 4.886999893188476562e+01
1.248966293334960938e+02 2.409718704223632812e+01
1.263470916748046875e+02 2.181478691101074219e+01
1.265018615722656250e+02 2.311297798156738281e+01
1.260793609619140625e+02 2.443651008605957031e+01
1.258106155395507812e+02 1.965526199340820312e+01
1.373824615478515625e+02 2.241840934753417969e+01
1.399719696044921875e+02 2.449684524536132812e+01
1.378318939208984375e+02 2.701182556152343750e+01
1.350496978759765625e+02 2.506628799438476562e+01
1.390291290283203125e+02 2.005515098571777344e+01
1.345615844726562500e+02 2.043611526489257812e+01
1.351506042480468750e+02 2.013878250122070312e+01
1.401878814697265625e+02 2.256059265136718750e+01
1.311786346435546875e+02 2.948981094360351562e+01
1.204449005126953125e+02 2.884450912475585938e+01
1.291899108886718750e+02 2.307999420166015625e+01
1.331391906738281250e+02 2.762779235839843750e+01
1.108767852783203125e+02 2.862300872802734375e+01
1.115960693359375000e+02 2.605943489074707031e+01
1.427995758056640625e+02 2.269727134704589844e+01
1.446622772216796875e+02 1.683767700195312500e+01
1.453925476074218750e+02 1.619148063659667969e+01
1.497995758056640625e+02 1.791155624389648438e+01
1.537107543945312500e+02 2.252389526367187500e+01
1.442247924804687500e+02 2.594157218933105469e+01
1.430191497802734375e+02 2.147869110107421875e+01
1.453461303710937500e+02 2.039939498901367188e+01
1.388451843261718750e+02 1.912191772460937500e+01
1.502505035400390625e+02 2.184588623046875000e+01
1.526705322265625000e+02 2.820285415649414062e+01
1.192135696411132812e+02 2.933031463623046875e+01
1.183512115478515625e+02 2.709978103637695312e+01
1.478772125244140625e+02 2.196091270446777344e+01
1.560166320800781250e+02 1.629881477355957031e+01
