-9.882666015625000000e+01 3.654617309570312500e+01
-7.954954528808593750e+01 4.184775161743164062e+01
-7.652251434326171875e+01 3.876474380493164062e+01
-7.654434967041015625e+01 3.704351043701171875e+01
-8.567731475830078125e+01 4.417041015625000000e+01
-7.510211944580078125e+01 3.322733306884765625e+01
-7.483902740478515625e+01 2.883231735229492188e+01
-7.137200927734375000e+01 3.515592956542968750e+01
-7.470063018798828125e+01 3.262800598144531250e+01
-6.657001495361328125e+01 3.090309333801269531e+01
-6.615084075927734375e+01 3.028535652160644531e+01
-7.849026489257812500e+01 3.675575256347656250e+01
-7.286203765869140625e+01 3.135381698608398438e+01
-7.291491699218750000e+01 2.803473854064941406e+01
-7.482503509521484375e+01 4.037723922729492188e+01
-6.666320037841796875e+01 3.674671173095703125e+01
-6.706497192382812500e+01 2.904547882080078125e+01
-7.092697143554687500e+01 3.098741340637207031e+01
-6.213794326782226562e+01 3.167569923400878906e+01
-6.351893997192382812e+01 3.453901672363281250e+01
-6.266743087768554688e+01 3.426215744018554688e+01
-6.012076568603515625e+01 2.996923637390136719e+01
-6.152230072021484375e+01 3.275015640258789062e+01
-6.262438964843750000e+01 2.985233879089355469e+01
-6.100086975097656250e+01 2.940659523010253906e+01
-6.199978256225585938e+01 2.597041130065917969e+01
-5.991540908813476562e+01 2.767409133911132812e+01
-6.225603485107421875e+01 3.302312469482421875e+01
-5.058010864257812500e+01 3.040182304382324219e+01
-5.445942306518554688e+01 3.378357696533203125e+01
-5.113697052001953125e+01 3.128417587280273438e+01
-5.598723602294921875e+01 3.161073875427246094e+01
-5.545607376098632812e+01 2.436771011352539062e+01
-5.292324066162109375e+01 3.095424842834472656e+01
-4.858223724365234375e+01 3.201144790649414062e+01
-5.268699264526367188e+01 3.220740890502929688e+01
-4.785871887207031250e+01 2.970354843139648438e+01
-5.040609359741210938e+01 2.422708320617675781e+01
-5.242276382446289062e+01 2.976267051696777344e+01
-5.073985671997070312e+01 3.349762344360351562e+01
-4.707075881958007812e+01 3.165443420410156250e+01
-4.889533233642578125e+01 2.954099464416503906e+01
-4.445207214355468750e+01 2.654784965515136719e+01
-4.267903518676757812e+01 2.349881744384765625e+01
-4.902617645263671875e+01 3.298352050781250000e+01
-4.851008605957031250e+01 3.148477172851562500e+01
-3.499494934082031250e+01 2.793808174133300781e+01
-4.430177307128906250e+01 2.847993469238281250e+01
-3.470893859863281250e+01 2.442596244812011719e+01
-3.954623413085937500e+01 3.011786079406738281e+01
-4.400001525878906250e+01 3.041349601745605469e+01
-3.997483444213867188e+01 2.883201980590820312e+01
-3.905519104003906250e+01 2.443867301940917969e+01
-3.815725708007812500e+01 2.566243362426757812e+01
-4.392357254028320312e+01 2.008579444885253906e+01
-3.767455673217773438e+01 3.199927902221679688e+01
-3.451995849609375000e+01 2.820245933532714844e+01
-3.331179046630859375e+01 2.333094596862792969e+01
-3.166555976867675781e+01 2.919070243835449219e+01
-3.650127410888671875e+01 2.621988296508789062e+01
-3.211602020263671875e+01 3.162037658691406250e+01
-3.178283882141113281e+01 2.671752738952636719e+01
-3.540810012817382812e+01 2.978557205200195312e+01
-3.712036895751953125e+01 3.108098983764648438e+01
-3.248678588867187500e+01 2.014800262451171875e+01
-3.340925216674804688e+01 2.429773521423339844e+01
-3.010593605041503906e+01 2.516029548645019531e+01
-2.551367378234863281e+01 2.139931869506835938e+01
-3.151345634460449219e+01 2.256638717651367188e+01
-2.434243965148925781e+01 2.813003158569335938e+01
-2.734174919128417969e+01 2.196731376647949219e+01
-3.051138687133789062e+01 2.527109336853027344e+01
-2.624429321289062500e+01 2.374233245849609375e+01
-2.849769020080566406e+01 2.411789321899414062e+01
-2.415930557250976562e+01 2.134036254882812500e+01
-3.043110656738281250e+01 2.229827499389648438e+01
-2.546121025085449219e+01 2.049082756042480469e+01
-2.629919815063476562e+01 2.175936508178710938e+01
-1.971895027160644531e+01 1.657606887817382812e+01
-2.015262222290039062e+01 2.385242652893066406e+01
-1.942624664306640625e+01 2.206401824951171875e+01
-2.429611968994140625e+01 2.038219833374023438e+01
-2.877841758728027344e+01 2.362202644348144531e+01
-2.872165870666503906e+01 1.962339019775390625e+01
-2.514144134521484375e+01 1.967671012878417969e+01
-2.433073043823242188e+01 1.973208427429199219e+01
-2.287000465393066406e+01 1.985027122497558594e+01
-2.511272239685058594e+01 2.074423217773437500e+01
-2.366616058349609375e+01 2.089941215515136719e+01
-2.254679298400878906e+01 1.884851646423339844e+01
-2.280463218688964844e+01 2.405648040771484375e+01
-1.914474678039550781e+01 1.811063575744628906e+01
-2.078163528442382812e+01 2.251595306396484375e+01
-1.631249427795410156e+01 1.767218208312988281e+01
-1.764845657348632812e+01 1.771647262573242188e+01
-1.718828392028808594e+01 2.006008148193359375e+01
-1.404800319671630859e+01 1.733604240417480469e+01
-1.595354747772216797e+01 1.585458946228027344e+01
-1.523121261596679688e+01 1.557237243652343750e+01
-1.245725250244140625e+01 1.567881393432617188e+01
