-9.075459289550781250e+01 3.931773757934570312e+01
-8.686518859863281250e+01 3.698654174804687500e+01
-8.073957824707031250e+01 3.404274749755859375e+01
-7.667694091796875000e+01 3.400279235839843750e+01
-8.216529846191406250e+01 3.567779922485351562e+01
-7.487158203125000000e+01 3.388678359985351562e+01
-7.372827911376953125e+01 3.426668548583984375e+01
-7.207998657226562500e+01 3.100036811828613281e+01
-6.864330291748046875e+01 3.162299346923828125e+01
-7.323936462402343750e+01 3.147689628601074219e+01
-6.931415557861328125e+01 3.212957000732421875e+01
-6.572937774658203125e+01 2.993985748291015625e+01
-6.519921112060546875e+01 3.118004035949707031e+01
-6.425050354003906250e+01 3.082231712341308594e+01
-6.301146316528320312e+01 3.033882522583007812e+01
-6.810631561279296875e+01 3.415922164916992188e+01
-6.350809097290039062e+01 2.846199607849121094e+01
-5.859705734252929688e+01 2.586096763610839844e+01
-5.937025833129882812e+01 2.742697906494140625e+01
-6.103892517089843750e+01 2.851777458190917969e+01
-5.913484954833984375e+01 3.138361167907714844e+01
-5.970067214965820312e+01 2.568625640869140625e+01
-5.774559783935546875e+01 2.497762870788574219e+01
-5.513362121582031250e+01 3.156481361389160156e+01
-5.413502883911132812e+01 2.932369613647460938e+01
-5.346508789062500000e+01 2.982924842834472656e+01
-4.990713500976562500e+01 2.470352554321289062e+01
-5.049231338500976562e+01 2.957424354553222656e+01
-4.797545242309570312e+01 2.839384269714355469e+01
-4.863144683837890625e+01 2.968124389648437500e+01
-4.920011138916015625e+01 3.146298789978027344e+01
-4.899948883056640625e+01 2.722232627868652344e+01
-4.645276260375976562e+01 3.035521125793457031e+01
-4.581134033203125000e+01 2.301794624328613281e+01
-4.687219238281250000e+01 2.592022514343261719e+01
-4.508996963500976562e+01 2.801722908020019531e+01
-4.621584320068359375e+01 2.750763320922851562e+01
-4.479656219482421875e+01 2.319212532043457031e+01
-4.457232284545898438e+01 2.899330711364746094e+01
-4.342687225341796875e+01 2.498431968688964844e+01
-4.041828155517578125e+01 2.557303428649902344e+01
-4.244279098510742188e+01 2.978349494934082031e+01
-4.055023193359375000e+01 2.407988739013671875e+01
-4.197924804687500000e+01 2.706218147277832031e+01
-3.947229385375976562e+01 2.494520378112792969e+01
-4.048010253906250000e+01 2.303648757934570312e+01
-3.757662200927734375e+01 2.391827011108398438e+01
-3.835992813110351562e+01 2.507735061645507812e+01
-3.654626464843750000e+01 2.627707481384277344e+01
-3.636780548095703125e+01 2.270261383056640625e+01
-3.402868270874023438e+01 2.146245956420898438e+01
-3.574718475341796875e+01 2.282443809509277344e+01
-3.560672378540039062e+01 2.366108322143554688e+01
-3.394715118408203125e+01 2.604462814331054688e+01
-3.081482124328613281e+01 2.440894889831542969e+01
-3.481971359252929688e+01 2.406197547912597656e+01
-3.170603752136230469e+01 2.370174026489257812e+01
-3.314850234985351562e+01 2.326268196105957031e+01
-2.911330604553222656e+01 2.380665206909179688e+01
-2.738841629028320312e+01 2.437423324584960938e+01
-2.798193931579589844e+01 2.131250762939453125e+01
-2.686950302124023438e+01 2.294183731079101562e+01
-2.602832984924316406e+01 1.818233680725097656e+01
-2.692441749572753906e+01 2.139798545837402344e+01
-2.764362335205078125e+01 2.118230819702148438e+01
-2.542672348022460938e+01 2.252420234680175781e+01
-2.494174003601074219e+01 1.897750091552734375e+01
-2.351806640625000000e+01 1.796798133850097656e+01
-2.141570091247558594e+01 2.053696441650390625e+01
-1.989565086364746094e+01 2.143868446350097656e+01
-2.030150222778320312e+01 2.155763244628906250e+01
-1.746463394165039062e+01 2.150941467285156250e+01
-1.967673110961914062e+01 1.942852973937988281e+01
-1.629914665222167969e+01 1.886351776123046875e+01
-1.634409141540527344e+01 1.869035148620605469e+01
-1.670034027099609375e+01 1.962094688415527344e+01
-1.723742675781250000e+01 1.721191406250000000e+01
-1.433980464935302734e+01 1.778963470458984375e+01
-1.851608085632324219e+01 2.121055412292480469e+01
-1.322833538055419922e+01 1.779034614562988281e+01
-1.191096878051757812e+01 1.676629829406738281e+01
-1.156977748870849609e+01 1.488529491424560547e+01
-1.129283905029296875e+01 1.681262397766113281e+01
-1.095540046691894531e+01 1.796508789062500000e+01
-9.480246543884277344e+00 1.757196044921875000e+01
-7.531420707702636719e+00 1.577996921539306641e+01
-7.168323993682861328e+00 1.708716583251953125e+01
-5.220223903656005859e+00 1.713657379150390625e+01
-4.418036460876464844e+00 1.921789932250976562e+01
-2.285859107971191406e+00 1.654693984985351562e+01
-1.149774909019470215e+00 1.690814590454101562e+01
-9.788152575492858887e-01 1.876070976257324219e+01
2.266883373260498047e+00 1.889249992370605469e+01
6.263598442077636719e+00 1.889452362060546875e+01
5.307207584381103516e+00 1.824923706054687500e+01
5.590599536895751953e+00 1.888439941406250000e+01
6.916324138641357422e+00 1.867051124572753906e+01
9.347831726074218750e+00 1.871396827697753906e+01
1.460268783569335938e+01 1.778863716125488281e+01
1.343331623077392578e+01 2.060535621643066406e+01
