-9.075459289550781250e+01 3.931773757934570312e+01
-8.704623413085937500e+01 3.558645629882812500e+01
-7.733728027343750000e+01 3.353079223632812500e+01
-7.817910766601562500e+01 2.982773399353027344e+01
-7.625872802734375000e+01 3.399823379516601562e+01
-6.825365447998046875e+01 2.863238906860351562e+01
-6.873334503173828125e+01 2.831909751892089844e+01
-6.695198822021484375e+01 2.635548019409179688e+01
-6.799079132080078125e+01 3.053527450561523438e+01
-5.978464508056640625e+01 2.754045677185058594e+01
-5.788655090332031250e+01 3.045429420471191406e+01
-5.585259628295898438e+01 2.837906265258789062e+01
-5.655750274658203125e+01 2.646435165405273438e+01
-5.635686111450195312e+01 2.496369743347167969e+01
-5.338668823242187500e+01 2.945224380493164062e+01
-5.421934890747070312e+01 2.998193740844726562e+01
-5.405718994140625000e+01 2.462506866455078125e+01
-4.963994598388671875e+01 2.643649291992187500e+01
-4.726312637329101562e+01 2.325383186340332031e+01
-4.731399154663085938e+01 2.589275932312011719e+01
-4.442868804931640625e+01 2.467227554321289062e+01
-4.257228851318359375e+01 2.230424690246582031e+01
-3.860572433471679688e+01 2.440627670288085938e+01
-3.897846603393554688e+01 2.728348350524902344e+01
-3.839415359497070312e+01 2.498472404479980469e+01
-3.699009704589843750e+01 2.279483795166015625e+01
-3.449356079101562500e+01 2.272075080871582031e+01
-3.595073699951171875e+01 2.410930824279785156e+01
-3.751505661010742188e+01 2.269925689697265625e+01
-3.011153411865234375e+01 2.252370452880859375e+01
-2.938019371032714844e+01 2.295021820068359375e+01
-3.007444953918457031e+01 2.293128204345703125e+01
-2.675604629516601562e+01 1.966731643676757812e+01
-2.527229690551757812e+01 1.991009140014648438e+01
-2.560576820373535156e+01 2.056176757812500000e+01
-2.575336647033691406e+01 2.184352493286132812e+01
-2.588651847839355469e+01 2.198940277099609375e+01
-2.341535377502441406e+01 1.883623123168945312e+01
-2.185137939453125000e+01 1.737670135498046875e+01
-2.005809020996093750e+01 1.710128021240234375e+01
-1.797322463989257812e+01 1.802767944335937500e+01
-1.395058059692382812e+01 1.612988090515136719e+01
-1.254492759704589844e+01 1.575824069976806641e+01
-1.235158729553222656e+01 1.572665786743164062e+01
-1.170340919494628906e+01 1.395738315582275391e+01
-1.025702285766601562e+01 1.486462306976318359e+01
-8.923540115356445312e+00 1.804309272766113281e+01
-6.695058345794677734e+00 1.661302757263183594e+01
-3.078154087066650391e+00 1.764885330200195312e+01
-1.793834567070007324e+00 1.779841613769531250e+01
1.729282975196838379e+00 1.568626785278320312e+01
-5.149764567613601685e-02 1.663426971435546875e+01
-1.390797197818756104e-01 1.682165336608886719e+01
2.888910531997680664e+00 1.594741916656494141e+01
3.798019647598266602e+00 1.451503562927246094e+01
8.138521194458007812e+00 1.487884807586669922e+01
1.162520599365234375e+01 1.633677482604980469e+01
1.585231208801269531e+01 1.936844825744628906e+01
1.956193733215332031e+01 2.301029968261718750e+01
1.923781585693359375e+01 2.580567550659179688e+01
2.434490013122558594e+01 2.253429794311523438e+01
3.070877647399902344e+01 2.151026535034179688e+01
3.261312484741210938e+01 2.171397018432617188e+01
3.957481002807617188e+01 1.603612709045410156e+01
3.725672912597656250e+01 1.692461967468261719e+01
4.101069641113281250e+01 1.761105918884277344e+01
4.520392608642578125e+01 1.799078941345214844e+01
4.837240219116210938e+01 2.222195053100585938e+01
5.294396972656250000e+01 2.554855728149414062e+01
5.861200714111328125e+01 2.337266540527343750e+01
5.925981140136718750e+01 2.141621971130371094e+01
6.029324340820312500e+01 3.054883193969726562e+01
6.809269714355468750e+01 2.441377449035644531e+01
6.440418243408203125e+01 2.403438186645507812e+01
6.734103393554687500e+01 2.168664741516113281e+01
6.533034515380859375e+01 2.602174186706542969e+01
7.098480987548828125e+01 2.396926307678222656e+01
7.061851501464843750e+01 2.032856750488281250e+01
7.600291442871093750e+01 2.151860237121582031e+01
8.256723785400390625e+01 2.090266990661621094e+01
7.878643035888671875e+01 2.609955978393554688e+01
8.498508453369140625e+01 2.400197792053222656e+01
8.832696533203125000e+01 2.152872848510742188e+01
8.751674652099609375e+01 2.157918548583984375e+01
8.213931274414062500e+01 2.135224342346191406e+01
8.796610260009765625e+01 2.121250915527343750e+01
8.898194122314453125e+01 2.123536300659179688e+01
9.052944183349609375e+01 2.380638885498046875e+01
9.047348785400390625e+01 2.601365470886230469e+01
9.876355743408203125e+01 2.499067687988281250e+01
9.765724945068359375e+01 2.581819152832031250e+01
9.631417083740234375e+01 2.227467727661132812e+01
9.791423034667968750e+01 2.112729454040527344e+01
9.984796905517578125e+01 2.177411270141601562e+01
9.780351257324218750e+01 2.841402244567871094e+01
9.119332885742187500e+01 3.820683288574218750e+01
1.021220321655273438e+02 3.115870857238769531e+01
1.083121643066406250e+02 2.477737998962402344e+01
1.085684356689453125e+02 1.980925369262695312e+01
1.152904968261718750e+02 1.819893074035644531e+01
