-9.218311309814453125e+01 3.859244918823242188e+01
-8.350067138671875000e+01 3.578323745727539062e+01
-7.831779479980468750e+01 3.152651977539062500e+01
-7.268521881103515625e+01 3.085330200195312500e+01
-7.297377777099609375e+01 3.195866775512695312e+01
-7.005329132080078125e+01 2.912397766113281250e+01
-6.717562866210937500e+01 2.802637863159179688e+01
-6.768129730224609375e+01 2.964530754089355469e+01
-6.168195724487304688e+01 2.807013511657714844e+01
-5.787883377075195312e+01 2.942947387695312500e+01
-5.902460861206054688e+01 2.571229362487792969e+01
-5.489245986938476562e+01 2.761684989929199219e+01
-5.328057861328125000e+01 2.816733169555664062e+01
-4.909214782714843750e+01 2.814128494262695312e+01
-5.068946456909179688e+01 2.836650466918945312e+01
-4.576869201660156250e+01 2.465077590942382812e+01
-4.572521591186523438e+01 2.449873733520507812e+01
-4.718602371215820312e+01 2.646944427490234375e+01
-4.533360290527343750e+01 2.460792732238769531e+01
-4.400712966918945312e+01 2.503324127197265625e+01
-4.540217208862304688e+01 2.352738571166992188e+01
-4.199881744384765625e+01 2.172715377807617188e+01
-4.155400848388671875e+01 2.246361732482910156e+01
-3.740831375122070312e+01 2.112316894531250000e+01
-3.447385787963867188e+01 2.150480079650878906e+01
-3.488346481323242188e+01 2.232235336303710938e+01
-3.595963287353515625e+01 2.268279075622558594e+01
-3.473001861572265625e+01 2.132694625854492188e+01
-3.493232727050781250e+01 2.013519668579101562e+01
-2.999715805053710938e+01 1.903919029235839844e+01
-2.626071548461914062e+01 1.665011215209960938e+01
-2.915169715881347656e+01 1.528261280059814453e+01
-2.663531303405761719e+01 1.629679870605468750e+01
-2.584640312194824219e+01 1.659383201599121094e+01
-2.338000869750976562e+01 1.489213562011718750e+01
-2.138438224792480469e+01 1.532593345642089844e+01
-1.915811729431152344e+01 1.778490066528320312e+01
-1.631457138061523438e+01 1.655485916137695312e+01
-1.635777473449707031e+01 1.587242984771728516e+01
-1.735530471801757812e+01 1.514252567291259766e+01
-1.498488426208496094e+01 1.573048973083496094e+01
-1.186880493164062500e+01 1.409711742401123047e+01
-1.190212440490722656e+01 1.576270771026611328e+01
-8.291834831237792969e+00 1.473368740081787109e+01
-6.430052757263183594e+00 1.458067989349365234e+01
-6.504067897796630859e+00 1.509784126281738281e+01
-3.508966207504272461e+00 1.464653015136718750e+01
-6.391873359680175781e-01 1.525342369079589844e+01
4.337773323059082031e+00 1.722528648376464844e+01
4.369307041168212891e+00 1.803899765014648438e+01
1.153594779968261719e+01 1.756094551086425781e+01
1.599690246582031250e+01 1.758764076232910156e+01
1.875690650939941406e+01 1.903121376037597656e+01
2.277424621582031250e+01 1.912966156005859375e+01
2.799961090087890625e+01 2.016864585876464844e+01
3.124868011474609375e+01 1.871499252319335938e+01
3.311609268188476562e+01 1.915659713745117188e+01
3.301864242553710938e+01 2.087724304199218750e+01
3.867232513427734375e+01 2.077794075012207031e+01
4.194589996337890625e+01 1.921163368225097656e+01
4.625413894653320312e+01 1.939012527465820312e+01
4.752658081054687500e+01 2.043624496459960938e+01
4.939735031127929688e+01 2.365048217773437500e+01
5.758188247680664062e+01 2.288067054748535156e+01
5.421645736694335938e+01 2.567811584472656250e+01
5.723313903808593750e+01 2.557048034667968750e+01
5.820226669311523438e+01 3.086738014221191406e+01
6.621438598632812500e+01 2.688385963439941406e+01
7.173022460937500000e+01 1.971030998229980469e+01
6.994053649902343750e+01 2.416526412963867188e+01
7.052215576171875000e+01 2.378074455261230469e+01
7.539894104003906250e+01 2.382843971252441406e+01
8.023960876464843750e+01 1.969470977783203125e+01
7.862014007568359375e+01 2.031756019592285156e+01
7.867005157470703125e+01 2.134005737304687500e+01
8.137416839599609375e+01 2.725834465026855469e+01
7.806655120849609375e+01 3.173337554931640625e+01
8.595993804931640625e+01 2.187929344177246094e+01
9.201439666748046875e+01 1.827727317810058594e+01
9.346157073974609375e+01 1.982341384887695312e+01
9.477050781250000000e+01 1.924985885620117188e+01
9.588014984130859375e+01 2.025386238098144531e+01
9.577137756347656250e+01 2.337133216857910156e+01
1.015820693969726562e+02 2.272196578979492188e+01
1.059952926635742188e+02 2.021163368225097656e+01
1.104706344604492188e+02 1.975800514221191406e+01
1.106260604858398438e+02 2.077245140075683594e+01
1.112406311035156250e+02 2.045595359802246094e+01
1.147762374877929688e+02 2.110559654235839844e+01
1.142478332519531250e+02 2.200104713439941406e+01
1.118434906005859375e+02 2.100497436523437500e+01
1.089397583007812500e+02 2.754394721984863281e+01
1.093862686157226562e+02 2.674738311767578125e+01
1.069565734863281250e+02 2.440633392333984375e+01
1.130284957885742188e+02 1.933236694335937500e+01
1.165550384521484375e+02 2.477613830566406250e+01
1.175851745605468750e+02 2.530321311950683594e+01
1.209198303222656250e+02 2.536783790588378906e+01
1.281983184814453125e+02 2.046212959289550781e+01
1.273572311401367188e+02 2.297885704040527344e+01
