-9.218311309814453125e+01 3.859244918823242188e+01
-8.875105285644531250e+01 3.567205429077148438e+01
-8.509520721435546875e+01 3.733165740966796875e+01
-7.694448852539062500e+01 3.538362121582031250e+01
-7.711992645263671875e+01 3.429937744140625000e+01
-7.487534332275390625e+01 3.282949447631835938e+01
-7.402112579345703125e+01 3.407659530639648438e+01
-7.193955993652343750e+01 3.285177612304687500e+01
-7.190740203857421875e+01 2.910664939880371094e+01
-7.060558319091796875e+01 3.106114768981933594e+01
-6.698962402343750000e+01 2.785292816162109375e+01
-6.692124176025390625e+01 2.925271034240722656e+01
-6.720462036132812500e+01 2.882191085815429688e+01
-6.478496551513671875e+01 2.746266746520996094e+01
-6.469689178466796875e+01 2.920906066894531250e+01
-6.429225921630859375e+01 2.773699188232421875e+01
-6.217106246948242188e+01 2.882638740539550781e+01
-6.359557342529296875e+01 3.056810760498046875e+01
-5.745530319213867188e+01 2.808843421936035156e+01
-5.822164535522460938e+01 2.821364212036132812e+01
-5.900868988037109375e+01 3.248070907592773438e+01
-5.789881515502929688e+01 2.757755851745605469e+01
-5.427906799316406250e+01 2.615955352783203125e+01
-5.515079498291015625e+01 2.760083580017089844e+01
-5.406519317626953125e+01 2.662949943542480469e+01
-5.416631698608398438e+01 2.383926010131835938e+01
-5.174764633178710938e+01 2.671481704711914062e+01
-5.270734786987304688e+01 2.635309600830078125e+01
-5.241947937011718750e+01 2.831100845336914062e+01
-4.966549682617187500e+01 2.840709495544433594e+01
-5.092638015747070312e+01 2.548910903930664062e+01
-4.784219741821289062e+01 2.537180137634277344e+01
-4.547110748291015625e+01 2.340915298461914062e+01
-4.753053665161132812e+01 2.485257339477539062e+01
-4.729816055297851562e+01 2.444486236572265625e+01
-4.800627517700195312e+01 2.604701614379882812e+01
-4.520672988891601562e+01 2.399283409118652344e+01
-4.230313491821289062e+01 2.440594673156738281e+01
-4.253433990478515625e+01 2.495586967468261719e+01
-4.100771713256835938e+01 2.498253250122070312e+01
-3.914744949340820312e+01 2.245656967163085938e+01
-3.903579330444335938e+01 2.321574211120605469e+01
-3.957697296142578125e+01 2.542106056213378906e+01
-3.678575515747070312e+01 2.161812019348144531e+01
-3.946533966064453125e+01 2.359026145935058594e+01
-3.755461502075195312e+01 2.327351570129394531e+01
-3.594368362426757812e+01 2.204126167297363281e+01
-3.600252914428710938e+01 2.305562019348144531e+01
-3.560126113891601562e+01 2.372142028808593750e+01
-3.443225097656250000e+01 2.455419921875000000e+01
-3.471993255615234375e+01 2.308014106750488281e+01
-3.130512619018554688e+01 2.239526748657226562e+01
-3.092281532287597656e+01 2.077596855163574219e+01
-2.995546340942382812e+01 2.041975212097167969e+01
-3.028428649902343750e+01 1.987990379333496094e+01
-2.955368804931640625e+01 2.025114059448242188e+01
-2.907940483093261719e+01 1.669415283203125000e+01
-2.764323997497558594e+01 1.742079925537109375e+01
-2.712150001525878906e+01 1.827382850646972656e+01
-2.756019020080566406e+01 1.634772300720214844e+01
-2.801384925842285156e+01 1.657752227783203125e+01
-2.834626770019531250e+01 1.689146804809570312e+01
-2.838737678527832031e+01 1.539134216308593750e+01
-2.582418251037597656e+01 1.649253845214843750e+01
-2.620656013488769531e+01 1.591836071014404297e+01
-2.387430381774902344e+01 1.543666458129882812e+01
-2.118830871582031250e+01 1.432410812377929688e+01
-2.103345870971679688e+01 1.450894927978515625e+01
-2.103920364379882812e+01 1.494060420989990234e+01
-2.198208618164062500e+01 1.408252716064453125e+01
-2.222311782836914062e+01 1.582432460784912109e+01
-1.970746421813964844e+01 1.541534137725830078e+01
-1.907641029357910156e+01 1.527587223052978516e+01
-1.731591606140136719e+01 1.573453617095947266e+01
-1.611257171630859375e+01 1.490596008300781250e+01
-1.512308406829833984e+01 1.419956779479980469e+01
-1.256018638610839844e+01 1.551718807220458984e+01
-1.266756916046142578e+01 1.567760467529296875e+01
-1.196386241912841797e+01 1.633622550964355469e+01
-1.016128730773925781e+01 1.457700920104980469e+01
-9.799597740173339844e+00 1.512952613830566406e+01
-7.903923988342285156e+00 1.397940063476562500e+01
-5.579864501953125000e+00 1.561753559112548828e+01
-4.091973304748535156e+00 1.583859062194824219e+01
-2.353385210037231445e+00 1.658146095275878906e+01
-2.162887096405029297e+00 1.584411907196044922e+01
1.078411221504211426e+00 1.760548210144042969e+01
3.827576398849487305e+00 1.778197097778320312e+01
3.775337934494018555e+00 1.686964797973632812e+01
6.032831192016601562e+00 1.658326148986816406e+01
9.563667297363281250e+00 1.898132896423339844e+01
1.096279811859130859e+01 2.121698951721191406e+01
1.527969360351562500e+01 2.078963661193847656e+01
1.622639083862304688e+01 2.223297500610351562e+01
2.131199073791503906e+01 2.307287025451660156e+01
2.046562385559082031e+01 2.254842948913574219e+01
2.287901115417480469e+01 2.026282310485839844e+01
2.627904129028320312e+01 2.112205123901367188e+01
2.907692718505859375e+01 2.176125907897949219e+01
3.157900810241699219e+01 2.190611457824707031e+01
