-9.882666015625000000e+01 3.654617309570312500e+01
-7.758186340332031250e+01 3.168161392211914062e+01
-8.548866271972656250e+01 3.111546897888183594e+01
-8.545256805419921875e+01 3.236518859863281250e+01
-8.562644958496093750e+01 3.116762733459472656e+01
-7.740440368652343750e+01 3.247623443603515625e+01
-7.237767028808593750e+01 3.054694175720214844e+01
-6.936437988281250000e+01 3.749898910522460938e+01
-6.318412017822265625e+01 2.442205810546875000e+01
-6.392029190063476562e+01 2.783319664001464844e+01
-5.353787231445312500e+01 2.261572074890136719e+01
-5.391842651367187500e+01 2.312887382507324219e+01
-4.897616958618164062e+01 1.783313941955566406e+01
-4.535970306396484375e+01 2.678554725646972656e+01
-4.053950119018554688e+01 2.737110328674316406e+01
-4.031461715698242188e+01 2.482870292663574219e+01
-4.490679168701171875e+01 2.035272979736328125e+01
-3.851827239990234375e+01 2.164818382263183594e+01
-3.593206405639648438e+01 1.868305015563964844e+01
-4.163534545898437500e+01 2.099315261840820312e+01
-3.778967285156250000e+01 2.305338668823242188e+01
-3.808380508422851562e+01 1.961642837524414062e+01
-3.500665283203125000e+01 1.848200798034667969e+01
-3.002272033691406250e+01 1.708508110046386719e+01
-2.636878776550292969e+01 1.618366241455078125e+01
-3.252363967895507812e+01 2.016694641113281250e+01
-2.378239822387695312e+01 1.556527233123779297e+01
-1.829090881347656250e+01 1.405369472503662109e+01
-1.601331138610839844e+01 1.542551231384277344e+01
-1.255376529693603516e+01 2.004487800598144531e+01
-1.181072521209716797e+01 1.527294540405273438e+01
-1.115823268890380859e+01 1.740292549133300781e+01
-7.910854816436767578e+00 1.808506011962890625e+01
-5.159944057464599609e+00 1.491893577575683594e+01
-3.036859273910522461e+00 2.029184722900390625e+01
3.292561531066894531e+00 1.789589118957519531e+01
3.228956937789916992e+00 1.870701217651367188e+01
8.370565414428710938e+00 1.545849990844726562e+01
1.015370655059814453e+01 1.575694179534912109e+01
1.917281150817871094e+01 1.434672737121582031e+01
1.994651412963867188e+01 2.011756515502929688e+01
2.116263389587402344e+01 2.083867073059082031e+01
2.013650512695312500e+01 1.910455703735351562e+01
2.077797889709472656e+01 1.959618186950683594e+01
2.292635536193847656e+01 1.895377540588378906e+01
3.383628082275390625e+01 2.109267616271972656e+01
3.505902481079101562e+01 2.354572868347167969e+01
3.314350128173828125e+01 2.284738922119140625e+01
3.782531356811523438e+01 1.885487174987792969e+01
3.218041610717773438e+01 2.110572433471679688e+01
3.814004135131835938e+01 2.602241134643554688e+01
3.300629806518554688e+01 2.675284004211425781e+01
2.843346214294433594e+01 2.079930305480957031e+01
2.088692665100097656e+01 2.059134101867675781e+01
1.766760444641113281e+01 1.648638153076171875e+01
1.159445476531982422e+01 1.914995002746582031e+01
1.398739719390869141e+01 2.100563621520996094e+01
2.631372642517089844e+01 1.519491767883300781e+01
2.757726478576660156e+01 1.859516143798828125e+01
3.865685653686523438e+01 1.544274806976318359e+01
4.628982162475585938e+01 1.885335540771484375e+01
5.189714813232421875e+01 2.198423194885253906e+01
4.903532791137695312e+01 2.480409622192382812e+01
5.047925186157226562e+01 2.137282562255859375e+01
5.857196426391601562e+01 2.277376747131347656e+01
4.962251663208007812e+01 1.942808341979980469e+01
4.260496139526367188e+01 2.131786346435546875e+01
3.287392425537109375e+01 2.667565345764160156e+01
4.022789382934570312e+01 1.760776329040527344e+01
4.574993896484375000e+01 2.545275306701660156e+01
4.996946716308593750e+01 2.690446090698242188e+01
4.977185440063476562e+01 2.141288185119628906e+01
4.803822708129882812e+01 2.404697227478027344e+01
5.188933563232421875e+01 2.549052047729492188e+01
4.822993850708007812e+01 2.542545318603515625e+01
3.491459274291992188e+01 2.029240798950195312e+01
3.093877220153808594e+01 2.364155578613281250e+01
4.719540405273437500e+01 2.390242004394531250e+01
3.718421936035156250e+01 2.932368087768554688e+01
3.146332740783691406e+01 2.663752555847167969e+01
2.875079536437988281e+01 3.147711563110351562e+01
3.614099121093750000e+01 3.367223739624023438e+01
2.826127433776855469e+01 2.936972999572753906e+01
2.800632858276367188e+01 2.658061790466308594e+01
4.161330795288085938e+01 2.635997390747070312e+01
3.991545486450195312e+01 2.820078849792480469e+01
5.132057952880859375e+01 3.323352813720703125e+01
7.056126403808593750e+01 2.837824821472167969e+01
6.333302307128906250e+01 2.544780731201171875e+01
3.781049346923828125e+01 2.040966606140136719e+01
2.695621871948242188e+01 1.995009803771972656e+01
3.973363113403320312e+01 2.568380546569824219e+01
3.660641860961914062e+01 1.783716583251953125e+01
3.725885772705078125e+01 1.792899322509765625e+01
3.867836761474609375e+01 2.392416572570800781e+01
3.302205276489257812e+01 2.189096450805664062e+01
3.401113128662109375e+01 1.806634712219238281e+01
6.129763412475585938e+01 2.195145988464355469e+01
7.580654907226562500e+01 2.398705673217773438e+01
7.336035156250000000e+01 1.888083076477050781e+01
