-9.075459289550781250e+01 3.931773757934570312e+01
-7.906545257568359375e+01 3.334271240234375000e+01
-8.728776550292968750e+01 3.731938934326171875e+01
-8.033510589599609375e+01 3.422488403320312500e+01
-7.472174835205078125e+01 3.410699081420898438e+01
-6.210968780517578125e+01 3.194617843627929688e+01
-5.796746444702148438e+01 2.653859138488769531e+01
-5.297391128540039062e+01 2.668818092346191406e+01
-5.018522644042968750e+01 2.506902503967285156e+01
-4.680269622802734375e+01 2.586706161499023438e+01
-4.863198471069335938e+01 2.432135772705078125e+01
-4.054329681396484375e+01 2.063649749755859375e+01
-3.852562713623046875e+01 2.363203239440917969e+01
-3.732387161254882812e+01 2.515955543518066406e+01
-3.367275238037109375e+01 2.679411125183105469e+01
-3.306779098510742188e+01 2.826626396179199219e+01
-3.358306503295898438e+01 2.553649711608886719e+01
-3.227276611328125000e+01 2.923546409606933594e+01
-2.739130783081054688e+01 3.045105743408203125e+01
-2.113547515869140625e+01 2.221575736999511719e+01
-2.373242187500000000e+01 2.773346519470214844e+01
-2.182522392272949219e+01 2.452196502685546875e+01
-1.652816009521484375e+01 2.020723342895507812e+01
-1.821973419189453125e+01 2.423819732666015625e+01
-1.833451271057128906e+01 2.367166900634765625e+01
-1.029761123657226562e+01 2.166192626953125000e+01
-6.921753406524658203e+00 2.298234939575195312e+01
-2.066368103027343750e+00 2.287198066711425781e+01
-6.511694431304931641e+00 2.764098930358886719e+01
-4.254916667938232422e+00 2.493115615844726562e+01
-1.950049877166748047e+00 2.009453773498535156e+01
-1.428425014019012451e-01 1.962404060363769531e+01
2.307212591171264648e+00 1.692061614990234375e+01
2.724384307861328125e+00 1.481554794311523438e+01
1.917602062225341797e+00 1.444211578369140625e+01
2.304981470108032227e+00 1.493250560760498047e+01
2.658187150955200195e+00 1.389475727081298828e+01
2.553732156753540039e+00 1.456813907623291016e+01
8.568835258483886719e+00 1.476502895355224609e+01
1.083903026580810547e+01 1.435981082916259766e+01
1.550206089019775391e+01 1.382859039306640625e+01
1.566354274749755859e+01 1.549672889709472656e+01
2.006296539306640625e+01 1.580508136749267578e+01
2.656141090393066406e+01 1.632098770141601562e+01
3.080882644653320312e+01 1.626403617858886719e+01
3.621446990966796875e+01 1.485963535308837891e+01
3.912415695190429688e+01 1.526498031616210938e+01
4.151203918457031250e+01 1.824538612365722656e+01
4.463574600219726562e+01 1.907273101806640625e+01
4.842206954956054688e+01 1.841718673706054688e+01
4.688466644287109375e+01 1.896748542785644531e+01
4.565375137329101562e+01 1.700049781799316406e+01
5.100405502319335938e+01 1.656043624877929688e+01
5.386996841430664062e+01 1.653666877746582031e+01
5.870398712158203125e+01 1.808377265930175781e+01
6.770218658447265625e+01 2.006810951232910156e+01
6.586935424804687500e+01 2.097609138488769531e+01
6.214030456542968750e+01 2.280574607849121094e+01
6.622248077392578125e+01 2.483223724365234375e+01
7.061354064941406250e+01 2.577429199218750000e+01
5.437791442871093750e+01 2.470278358459472656e+01
7.334733581542968750e+01 2.031017112731933594e+01
7.816339874267578125e+01 1.931799125671386719e+01
8.797049713134765625e+01 1.741535949707031250e+01
8.251747131347656250e+01 1.914518928527832031e+01
7.496577453613281250e+01 2.145719528198242188e+01
7.538523864746093750e+01 2.411593437194824219e+01
7.295268249511718750e+01 2.245737648010253906e+01
7.081157684326171875e+01 2.681039047241210938e+01
7.839486694335937500e+01 3.123024940490722656e+01
7.989410400390625000e+01 3.597682571411132812e+01
8.856069183349609375e+01 3.577540969848632812e+01
9.621144866943359375e+01 3.155673027038574219e+01
9.839273834228515625e+01 3.293006515502929688e+01
9.437110137939453125e+01 3.250461578369140625e+01
9.676693725585937500e+01 2.488163948059082031e+01
9.781179046630859375e+01 2.619820594787597656e+01
1.039331436157226562e+02 2.409275245666503906e+01
1.092813644409179688e+02 2.711915397644042969e+01
1.132663726806640625e+02 2.718434143066406250e+01
1.041571350097656250e+02 2.200473213195800781e+01
1.026584091186523438e+02 2.159415054321289062e+01
1.067996215820312500e+02 2.826386833190917969e+01
1.041270446777343750e+02 2.817643547058105469e+01
1.075020217895507812e+02 2.478124618530273438e+01
9.693860626220703125e+01 2.582538795471191406e+01
9.693977355957031250e+01 3.219791793823242188e+01
1.006337738037109375e+02 3.248994064331054688e+01
1.007870025634765625e+02 2.922263526916503906e+01
9.555476379394531250e+01 3.152489471435546875e+01
1.031363754272460938e+02 2.641108512878417969e+01
1.105017852783203125e+02 2.597797203063964844e+01
9.223090362548828125e+01 2.931518936157226562e+01
9.280149078369140625e+01 3.319039916992187500e+01
9.721606445312500000e+01 3.558338165283203125e+01
1.098821487426757812e+02 3.223862075805664062e+01
1.279447250366210938e+02 3.499977111816406250e+01
1.277771606445312500e+02 3.258877944946289062e+01
1.115112075805664062e+02 3.381936645507812500e+01
1.196897583007812500e+02 3.276089477539062500e+01
