-9.882666015625000000e+01 3.654617309570312500e+01
-7.953846740722656250e+01 3.547388839721679688e+01
-7.423125457763671875e+01 4.175513458251953125e+01
-8.039298248291015625e+01 3.802966308593750000e+01
-8.797260284423828125e+01 3.697557067871093750e+01
-7.255655670166015625e+01 3.463393020629882812e+01
-7.974588775634765625e+01 2.881266784667968750e+01
-7.271541595458984375e+01 2.667222213745117188e+01
-7.011992645263671875e+01 2.816329765319824219e+01
-6.410292053222656250e+01 2.720699882507324219e+01
-7.350447845458984375e+01 3.082560729980468750e+01
-6.481977844238281250e+01 3.160323143005371094e+01
-6.164128875732421875e+01 2.193817138671875000e+01
-6.061362075805664062e+01 3.118434906005859375e+01
-6.400222015380859375e+01 2.916262435913085938e+01
-5.742816925048828125e+01 2.661130142211914062e+01
-5.183062744140625000e+01 2.138870811462402344e+01
-5.136130523681640625e+01 2.348867988586425781e+01
-5.565679931640625000e+01 2.693940925598144531e+01
-5.006108856201171875e+01 2.394520378112792969e+01
-4.543509292602539062e+01 2.672708129882812500e+01
-4.630834197998046875e+01 2.924550628662109375e+01
-4.215391540527343750e+01 2.936497688293457031e+01
-4.718814849853515625e+01 2.415878105163574219e+01
-4.035758972167968750e+01 2.641977310180664062e+01
-4.374921798706054688e+01 2.426419639587402344e+01
-4.265184402465820312e+01 2.750676918029785156e+01
-4.198694229125976562e+01 2.658749008178710938e+01
-3.738674926757812500e+01 2.435956954956054688e+01
-4.362661361694335938e+01 2.199638748168945312e+01
-3.372539520263671875e+01 2.156212425231933594e+01
-3.795743179321289062e+01 2.346613311767578125e+01
-2.643988418579101562e+01 2.420075798034667969e+01
-3.651639938354492188e+01 2.258778190612792969e+01
-3.868667602539062500e+01 2.100945663452148438e+01
-3.623532104492187500e+01 2.188097190856933594e+01
-3.257596206665039062e+01 2.468126869201660156e+01
-3.074317932128906250e+01 1.918339729309082031e+01
-3.535615921020507812e+01 1.522025108337402344e+01
-2.981549835205078125e+01 1.665848731994628906e+01
-3.040461158752441406e+01 1.948721122741699219e+01
-2.773362159729003906e+01 1.905955505371093750e+01
-2.901391983032226562e+01 2.138925743103027344e+01
-2.574055290222167969e+01 1.704134559631347656e+01
-2.930059814453125000e+01 2.199841308593750000e+01
-2.333644104003906250e+01 1.806220817565917969e+01
-2.334356689453125000e+01 1.540306282043457031e+01
-2.184999656677246094e+01 1.514340019226074219e+01
-1.945498847961425781e+01 1.502697753906250000e+01
-2.103642463684082031e+01 1.402547740936279297e+01
-1.945975875854492188e+01 1.286286830902099609e+01
-2.245011520385742188e+01 1.303953742980957031e+01
-2.109063911437988281e+01 1.437889289855957031e+01
-2.590130805969238281e+01 1.333425045013427734e+01
-2.388689613342285156e+01 1.277704715728759766e+01
-1.850436210632324219e+01 1.168202590942382812e+01
-1.744968605041503906e+01 1.466758537292480469e+01
-1.270760726928710938e+01 1.401859474182128906e+01
-1.254434967041015625e+01 1.460743522644042969e+01
-1.142461967468261719e+01 1.319378852844238281e+01
-1.077154922485351562e+01 1.552189636230468750e+01
-5.868976593017578125e+00 1.367929840087890625e+01
-9.904215812683105469e+00 1.523242187500000000e+01
-8.273791313171386719e+00 1.493019008636474609e+01
-6.654199123382568359e+00 1.379335498809814453e+01
-1.015697669982910156e+01 1.479731655120849609e+01
-7.902699947357177734e+00 1.566949272155761719e+01
-8.527533531188964844e+00 1.223208332061767578e+01
-5.843905925750732422e+00 1.539730834960937500e+01
-4.529268264770507812e+00 1.241842651367187500e+01
-3.917990684509277344e+00 1.262075138092041016e+01
8.074455261230468750e-01 1.582477951049804688e+01
-2.596677780151367188e+00 1.437805461883544922e+01
1.357215881347656250e+00 1.478933048248291016e+01
5.693405151367187500e+00 1.415270137786865234e+01
7.218382835388183594e+00 9.938081741333007812e+00
9.321401596069335938e+00 1.419771194458007812e+01
6.089459419250488281e+00 1.328963279724121094e+01
7.638720989227294922e+00 1.237073516845703125e+01
1.173052787780761719e+01 1.116740989685058594e+01
9.821162223815917969e+00 1.356360912322998047e+01
7.603723526000976562e+00 1.465941810607910156e+01
1.397880840301513672e+01 1.312548828125000000e+01
1.304651641845703125e+01 1.311437892913818359e+01
1.603693199157714844e+01 1.399150276184082031e+01
1.622428512573242188e+01 1.502958011627197266e+01
1.739090919494628906e+01 1.439462089538574219e+01
1.745370483398437500e+01 1.538106632232666016e+01
2.167279052734375000e+01 1.377446746826171875e+01
2.477359962463378906e+01 1.437683582305908203e+01
2.655356788635253906e+01 1.723937988281250000e+01
3.204667282104492188e+01 1.866716003417968750e+01
4.268769073486328125e+01 1.601216125488281250e+01
4.822943878173828125e+01 1.765779876708984375e+01
5.187714767456054688e+01 1.957375144958496094e+01
5.079602050781250000e+01 2.397550392150878906e+01
5.640072250366210938e+01 2.548236846923828125e+01
6.291354370117187500e+01 2.231517791748046875e+01
6.646154785156250000e+01 1.619018936157226562e+01
6.379282379150390625e+01 2.287829017639160156e+01
