9.932522773742675781e+00 5.628963470458984375e+00
1.084106540679931641e+01 6.207620143890380859e+00
1.142839527130126953e+01 7.556414604187011719e+00
1.230407810211181641e+01 7.701617717742919922e+00
1.182679271697998047e+01 7.371179103851318359e+00
1.369938182830810547e+01 9.983465194702148438e+00
1.434404754638671875e+01 9.749411582946777344e+00
1.560175609588623047e+01 1.251750087738037109e+01
1.495762634277343750e+01 1.161063289642333984e+01
1.661571121215820312e+01 1.288785457611083984e+01
2.395386123657226562e+01 2.851014709472656250e+01
2.153726768493652344e+01 2.608181762695312500e+01
2.765313720703125000e+01 2.637314224243164062e+01
2.418239402770996094e+01 2.612188720703125000e+01
3.263440322875976562e+01 3.879395675659179688e+01
3.332695007324218750e+01 3.991466903686523438e+01
3.630444335937500000e+01 3.587839126586914062e+01
4.531641387939453125e+01 4.729224395751953125e+01
4.581872940063476562e+01 5.154500579833984375e+01
4.588012313842773438e+01 4.605727005004882812e+01
5.570581436157226562e+01 5.764894104003906250e+01
6.708184051513671875e+01 5.653225326538085938e+01
5.136136245727539062e+01 4.626319122314453125e+01
7.505081176757812500e+01 6.795524597167968750e+01
8.903626251220703125e+01 6.394953536987304688e+01
8.233647918701171875e+01 6.300629425048828125e+01
9.255620574951171875e+01 5.953719329833984375e+01
8.234163665771484375e+01 5.446499633789062500e+01
8.864257812500000000e+01 5.110885620117187500e+01
9.615026092529296875e+01 5.657652664184570312e+01
9.786569213867187500e+01 6.124406051635742188e+01
9.559252166748046875e+01 4.782367706298828125e+01
1.078931198120117188e+02 4.837390518188476562e+01
8.442878723144531250e+01 5.362331390380859375e+01
1.079122619628906250e+02 5.068384552001953125e+01
1.129893417358398438e+02 4.606953430175781250e+01
1.146548538208007812e+02 4.437992477416992188e+01
1.240368728637695312e+02 7.423242950439453125e+01
1.115451049804687500e+02 5.261567306518554688e+01
9.913118743896484375e+01 4.636607742309570312e+01
1.259209136962890625e+02 5.235993576049804688e+01
1.090015411376953125e+02 5.658167648315429688e+01
1.114200515747070312e+02 4.164331054687500000e+01
1.443749237060546875e+02 5.956145858764648438e+01
1.360128936767578125e+02 5.398678970336914062e+01
1.215807723999023438e+02 6.330997848510742188e+01
1.257229232788085938e+02 5.004894256591796875e+01
1.411693420410156250e+02 5.148316955566406250e+01
1.321509552001953125e+02 5.154713439941406250e+01
1.703909912109375000e+02 4.363167572021484375e+01
1.399479217529296875e+02 5.709352111816406250e+01
1.656570434570312500e+02 5.529938125610351562e+01
1.445617980957031250e+02 5.489730453491210938e+01
1.663409576416015625e+02 5.631760406494140625e+01
1.464464263916015625e+02 7.662352752685546875e+01
1.592777862548828125e+02 6.515231323242187500e+01
1.899887695312500000e+02 5.530124282836914062e+01
1.605714874267578125e+02 6.641088867187500000e+01
1.839323272705078125e+02 6.144225311279296875e+01
1.846960144042968750e+02 4.913099670410156250e+01
1.764627685546875000e+02 5.484055328369140625e+01
1.790710754394531250e+02 5.610994338989257812e+01
1.971941528320312500e+02 3.390998077392578125e+01
1.938622589111328125e+02 5.503300857543945312e+01
1.969941864013671875e+02 5.253693008422851562e+01
1.944357604980468750e+02 4.282528686523437500e+01
2.047663421630859375e+02 4.074237442016601562e+01
1.816423339843750000e+02 4.419974517822265625e+01
1.986712493896484375e+02 4.486112976074218750e+01
2.007515563964843750e+02 4.317278289794921875e+01
1.955814819335937500e+02 3.394540023803710938e+01
2.070124664306640625e+02 3.315750122070312500e+01
2.002617950439453125e+02 3.594456481933593750e+01
1.979086761474609375e+02 3.989926528930664062e+01
1.921325531005859375e+02 3.697908782958984375e+01
2.035278015136718750e+02 3.884218215942382812e+01
1.988443756103515625e+02 4.465381622314453125e+01
1.981036224365234375e+02 2.821469879150390625e+01
2.112205352783203125e+02 1.790022659301757812e+01
2.005373077392578125e+02 4.557764053344726562e+01
1.930236663818359375e+02 3.771946716308593750e+01
1.930950317382812500e+02 3.697483062744140625e+01
2.078963165283203125e+02 1.949689865112304688e+01
1.983833007812500000e+02 3.587316513061523438e+01
2.145627441406250000e+02 2.443972778320312500e+01
2.066577148437500000e+02 1.660647773742675781e+01
1.930207214355468750e+02 3.669425582885742188e+01
2.016524047851562500e+02 2.910974693298339844e+01
2.096236572265625000e+02 2.262708091735839844e+01
2.006695709228515625e+02 3.762746047973632812e+01
2.133464050292968750e+02 1.412973403930664062e+01
2.044380187988281250e+02 4.069219207763671875e+01
1.862591552734375000e+02 4.331060791015625000e+01
1.965653228759765625e+02 4.836537170410156250e+01
1.951562042236328125e+02 5.084196090698242188e+01
1.966110992431640625e+02 4.135240173339843750e+01
2.032828063964843750e+02 2.803656578063964844e+01
2.095531463623046875e+02 2.066316413879394531e+01
2.122707214355468750e+02 1.855250358581542969e+01
2.023851318359375000e+02 4.651681137084960938e+01
2.161158142089843750e+02 2.184530067443847656e+01
2.053541259765625000e+02 2.592749977111816406e+01
2.102469482421875000e+02 3.118581962585449219e+01
2.160952911376953125e+02 1.132678699493408203e+01
2.092518157958984375e+02 2.543919372558593750e+01
2.017856445312500000e+02 3.094466209411621094e+01
2.121555023193359375e+02 2.910137176513671875e+01
2.082031707763671875e+02 1.784166145324707031e+01
2.152894744873046875e+02 2.446561241149902344e+01
2.020312805175781250e+02 3.027260398864746094e+01
2.056448974609375000e+02 3.020673751831054688e+01
2.056721343994140625e+02 1.499555492401123047e+01
2.058040313720703125e+02 1.997287750244140625e+01
2.072274169921875000e+02 2.697370529174804688e+01
2.014048004150390625e+02 2.848095130920410156e+01
2.031515045166015625e+02 3.729673767089843750e+01
2.060940704345703125e+02 3.227580261230468750e+01
2.089487762451171875e+02 1.935012435913085938e+01
2.149992828369140625e+02 1.513247680664062500e+01
2.114730529785156250e+02 1.561034965515136719e+01
2.041690368652343750e+02 2.093894386291503906e+01
2.135554046630859375e+02 1.723381423950195312e+01
2.079385986328125000e+02 2.132907867431640625e+01
2.082705383300781250e+02 1.577256965637207031e+01
2.111406707763671875e+02 1.497333908081054688e+01
2.020182342529296875e+02 2.798505592346191406e+01
2.112318572998046875e+02 1.995807075500488281e+01
2.099632110595703125e+02 2.007626533508300781e+01
2.105751953125000000e+02 1.167746734619140625e+01
1.982071380615234375e+02 2.943851089477539062e+01
2.108779296875000000e+02 1.891613388061523438e+01
2.157148895263671875e+02 1.601172065734863281e+01
2.109086608886718750e+02 2.256133651733398438e+01
2.136443176269531250e+02 1.669519996643066406e+01
2.064761657714843750e+02 2.411487770080566406e+01
2.073927001953125000e+02 2.387612724304199219e+01
2.050625762939453125e+02 2.772853088378906250e+01
2.154484405517578125e+02 1.462814712524414062e+01
2.147273254394531250e+02 1.676762962341308594e+01
2.035939331054687500e+02 3.637677764892578125e+01
2.168996124267578125e+02 1.467955112457275391e+01
2.123717956542968750e+02 1.865915107727050781e+01
2.138468475341796875e+02 1.566990947723388672e+01
2.083459777832031250e+02 1.409070777893066406e+01
2.132494201660156250e+02 1.351228046417236328e+01
2.076355285644531250e+02 2.928117370605468750e+01
2.031535797119140625e+02 2.347715568542480469e+01
2.105276031494140625e+02 1.575321578979492188e+01
2.091751098632812500e+02 2.105945968627929688e+01
2.168581085205078125e+02 1.819736671447753906e+01
2.106126708984375000e+02 2.514908981323242188e+01
2.182919464111328125e+02 1.462918281555175781e+01
2.016716156005859375e+02 2.867254638671875000e+01
2.137271423339843750e+02 1.267891693115234375e+01
2.123789978027343750e+02 7.869819164276123047e+00
2.223725280761718750e+02 2.270134353637695312e+01
2.100912780761718750e+02 1.506086349487304688e+01
2.043092041015625000e+02 2.673016166687011719e+01
2.148702392578125000e+02 1.694277572631835938e+01
2.123819885253906250e+02 1.561351680755615234e+01
2.092501220703125000e+02 1.148879623413085938e+01
2.148230285644531250e+02 2.163315963745117188e+01
2.149383087158203125e+02 1.341995716094970703e+01
2.160549774169921875e+02 1.782688903808593750e+01
2.146574401855468750e+02 2.191874122619628906e+01
2.032233581542968750e+02 2.712797546386718750e+01
2.149462585449218750e+02 1.617455101013183594e+01
2.060356903076171875e+02 1.873760986328125000e+01
2.109989929199218750e+02 1.533415508270263672e+01
2.071361389160156250e+02 1.435964012145996094e+01
2.085187530517578125e+02 1.678336906433105469e+01
2.115764465332031250e+02 1.586227703094482422e+01
2.102702178955078125e+02 1.607388305664062500e+01
2.113816223144531250e+02 1.864328193664550781e+01
2.067485809326171875e+02 1.050604724884033203e+01
2.067371826171875000e+02 2.158732223510742188e+01
2.070407409667968750e+02 2.637434959411621094e+01
2.158993377685546875e+02 2.191135597229003906e+01
2.137588500976562500e+02 1.483067989349365234e+01
2.171010742187500000e+02 1.524197006225585938e+01
2.045289154052734375e+02 2.064645195007324219e+01
2.131986999511718750e+02 1.823670387268066406e+01
2.025950317382812500e+02 1.118296527862548828e+01
1.988383483886718750e+02 3.754113006591796875e+01
2.127699127197265625e+02 1.562802410125732422e+01
2.081954345703125000e+02 2.127459526062011719e+01
2.163188934326171875e+02 1.633730316162109375e+01
2.194130859375000000e+02 2.369821548461914062e+01
2.044062347412109375e+02 2.943873786926269531e+01
2.047427215576171875e+02 3.537366485595703125e+01
2.108601379394531250e+02 2.616221427917480469e+01
2.102255401611328125e+02 2.025716209411621094e+01
1.997828369140625000e+02 3.746684646606445312e+01
2.072052917480468750e+02 2.142358589172363281e+01
2.114825897216796875e+02 1.977572059631347656e+01
2.021420898437500000e+02 3.245453643798828125e+01
1.829181060791015625e+02 4.775683975219726562e+01
2.006662750244140625e+02 1.499982357025146484e+01
2.042382354736328125e+02 3.363404846191406250e+01
2.052456512451171875e+02 3.129829025268554688e+01
1.968959350585937500e+02 3.639342117309570312e+01
2.117249298095703125e+02 2.135133171081542969e+01
2.086506805419921875e+02 2.297651100158691406e+01
2.006839447021484375e+02 1.289852142333984375e+01
2.109476623535156250e+02 3.990790176391601562e+01
2.002810363769531250e+02 2.696531295776367188e+01
1.897433166503906250e+02 3.525923156738281250e+01
2.071975402832031250e+02 1.921378707885742188e+01
2.104410095214843750e+02 1.463343143463134766e+01
2.084169006347656250e+02 1.955233383178710938e+01
2.140672912597656250e+02 1.777387237548828125e+01
2.054008483886718750e+02 1.483767032623291016e+01
2.124012908935546875e+02 1.604982566833496094e+01
2.116498718261718750e+02 1.811157226562500000e+01
1.997586059570312500e+02 2.967096710205078125e+01
2.075459289550781250e+02 3.523990249633789062e+01
2.093461456298828125e+02 2.652523422241210938e+01
2.054468688964843750e+02 2.521535873413085938e+01
2.150836181640625000e+02 1.944268608093261719e+01
2.103096008300781250e+02 2.442094039916992188e+01
2.084249267578125000e+02 3.519139480590820312e+01
2.111356964111328125e+02 1.671862411499023438e+01
2.025808715820312500e+02 3.301715087890625000e+01
2.146440429687500000e+02 1.539792060852050781e+01
2.114671325683593750e+02 2.220265007019042969e+01
2.113548583984375000e+02 2.198059463500976562e+01
2.063735809326171875e+02 3.186385154724121094e+01
1.986789398193359375e+02 2.991317939758300781e+01
2.086107177734375000e+02 2.016308403015136719e+01
2.122611083984375000e+02 2.082138824462890625e+01
2.257019958496093750e+02 1.474705982208251953e+01
2.119669189453125000e+02 1.307196712493896484e+01
2.127143554687500000e+02 1.440978050231933594e+01
2.112919158935546875e+02 2.411624145507812500e+01
2.141974182128906250e+02 2.114590835571289062e+01
2.160988922119140625e+02 2.974041557312011719e+01
2.122098846435546875e+02 1.489221382141113281e+01
2.166561279296875000e+02 1.849922752380371094e+01
2.175629882812500000e+02 1.623121643066406250e+01
2.093224029541015625e+02 2.783881950378417969e+01
2.142138366699218750e+02 1.822252082824707031e+01
2.112121582031250000e+02 2.865834426879882812e+01
2.167478942871093750e+02 1.959299850463867188e+01
2.080367431640625000e+02 3.280495452880859375e+01
2.142498779296875000e+02 2.686419105529785156e+01
2.139226074218750000e+02 3.374525451660156250e+01
2.083679504394531250e+02 3.278215408325195312e+01
2.000505981445312500e+02 2.583124732971191406e+01
2.002907257080078125e+02 3.233163833618164062e+01
2.110690460205078125e+02 2.992099761962890625e+01
2.192347717285156250e+02 1.951258087158203125e+01
2.076827697753906250e+02 2.473437690734863281e+01
1.979394836425781250e+02 3.435113906860351562e+01
2.194099578857421875e+02 4.506522369384765625e+01
2.059559326171875000e+02 2.341815757751464844e+01
2.036339569091796875e+02 3.901833724975585938e+01
2.160836486816406250e+02 2.296085929870605469e+01
2.116020050048828125e+02 1.567613887786865234e+01
2.152511291503906250e+02 2.239355850219726562e+01
2.219023132324218750e+02 2.007945442199707031e+01
2.138656005859375000e+02 2.240766143798828125e+01
2.246559143066406250e+02 2.541797256469726562e+01
2.114665222167968750e+02 3.203564453125000000e+01
2.133271331787109375e+02 4.464128112792968750e+01
2.063190307617187500e+02 1.979618453979492188e+01
2.216702575683593750e+02 2.627769279479980469e+01
2.167534484863281250e+02 2.645942115783691406e+01
2.151365661621093750e+02 1.819003105163574219e+01
2.170333557128906250e+02 2.282693862915039062e+01
2.096183166503906250e+02 1.770157623291015625e+01
2.214802093505859375e+02 2.749004554748535156e+01
2.334898529052734375e+02 2.994443702697753906e+01
2.119221496582031250e+02 1.916931343078613281e+01
2.073624725341796875e+02 3.535409545898437500e+01
2.207458648681640625e+02 2.282618904113769531e+01
2.032668762207031250e+02 3.142492485046386719e+01
2.226333007812500000e+02 3.534992218017578125e+01
2.147883605957031250e+02 2.122832870483398438e+01
2.222986602783203125e+02 3.463223266601562500e+01
2.224964599609375000e+02 4.942036056518554688e+01
2.286365051269531250e+02 2.805682563781738281e+01
2.132348785400390625e+02 5.009682083129882812e+01
2.221561737060546875e+02 4.432586288452148438e+01
2.393910827636718750e+02 5.610246658325195312e+01
2.180787658691406250e+02 3.921713638305664062e+01
2.140369720458984375e+02 5.059473800659179688e+01
2.303124237060546875e+02 4.821315765380859375e+01
2.479185485839843750e+02 4.022611236572265625e+01
2.274029541015625000e+02 5.157476806640625000e+01
2.282578887939453125e+02 5.186338424682617188e+01
2.439024810791015625e+02 5.713370513916015625e+01
2.319265441894531250e+02 5.719972610473632812e+01
2.287872161865234375e+02 7.804766082763671875e+01
2.326330261230468750e+02 4.917331314086914062e+01
2.564853515625000000e+02 6.868817901611328125e+01
2.483701477050781250e+02 4.952111053466796875e+01
2.499441986083984375e+02 6.488066101074218750e+01
2.569700927734375000e+02 7.394348144531250000e+01
2.528252868652343750e+02 5.537508010864257812e+01
2.557454833984375000e+02 6.266716003417968750e+01
