9.932522773742675781e+00 5.628963470458984375e+00
1.075569343566894531e+01 6.084013938903808594e+00
1.135152149200439453e+01 8.052678108215332031e+00
1.264779376983642578e+01 9.716536521911621094e+00
1.186120891571044922e+01 7.778586864471435547e+00
1.384043216705322266e+01 1.021844387054443359e+01
1.537296104431152344e+01 1.251545524597167969e+01
1.444956779479980469e+01 9.547126770019531250e+00
1.499538230895996094e+01 1.098259162902832031e+01
1.595173358917236328e+01 1.030198287963867188e+01
2.353804779052734375e+01 2.698352050781250000e+01
2.098608207702636719e+01 1.761767387390136719e+01
3.511567687988281250e+01 4.187774276733398438e+01
2.520865249633789062e+01 2.855575561523437500e+01
3.062647819519042969e+01 3.389033508300781250e+01
3.436137390136718750e+01 4.298362731933593750e+01
3.726739501953125000e+01 3.571005630493164062e+01
4.418606185913085938e+01 4.754149627685546875e+01
4.154262924194335938e+01 3.989450073242187500e+01
4.302962875366210938e+01 4.474726486206054688e+01
5.443740844726562500e+01 5.524832916259765625e+01
5.973395538330078125e+01 4.617168426513671875e+01
6.226530456542968750e+01 5.751858139038085938e+01
6.484017944335937500e+01 6.228807830810546875e+01
6.642994689941406250e+01 5.878805923461914062e+01
8.928153991699218750e+01 6.057378387451171875e+01
8.413977050781250000e+01 5.188325119018554688e+01
7.871031951904296875e+01 4.167821502685546875e+01
9.377872467041015625e+01 4.944763565063476562e+01
9.725992584228515625e+01 4.561174011230468750e+01
8.883126068115234375e+01 5.883163833618164062e+01
8.434076690673828125e+01 4.697361755371093750e+01
1.079245758056640625e+02 6.357367324829101562e+01
8.813886260986328125e+01 4.681746292114257812e+01
1.052849884033203125e+02 3.881200790405273438e+01
1.137008132934570312e+02 4.328279113769531250e+01
9.298944091796875000e+01 3.579714202880859375e+01
1.122004852294921875e+02 5.917305374145507812e+01
1.020634765625000000e+02 4.354371643066406250e+01
1.117906646728515625e+02 3.847966766357421875e+01
1.195570678710937500e+02 3.352602005004882812e+01
1.015868453979492188e+02 5.278055572509765625e+01
1.108770599365234375e+02 4.750188827514648438e+01
1.239068832397460938e+02 4.718339920043945312e+01
1.139044647216796875e+02 5.279021072387695312e+01
1.145389099121093750e+02 6.438217163085937500e+01
1.038871994018554688e+02 4.074966430664062500e+01
1.248759994506835938e+02 4.878692245483398438e+01
1.325861663818359375e+02 4.209762191772460938e+01
1.483536224365234375e+02 4.546126556396484375e+01
1.396945190429687500e+02 5.314940643310546875e+01
1.451336669921875000e+02 5.631721878051757812e+01
1.383120422363281250e+02 4.827683639526367188e+01
1.599085693359375000e+02 6.818325042724609375e+01
1.664061126708984375e+02 6.408583068847656250e+01
1.488024444580078125e+02 6.832252502441406250e+01
1.692905273437500000e+02 4.870195388793945312e+01
1.607966003417968750e+02 7.357682800292968750e+01
1.636253356933593750e+02 7.689196014404296875e+01
1.859923706054687500e+02 5.736180496215820312e+01
1.709429931640625000e+02 5.449019622802734375e+01
1.681191406250000000e+02 5.395587158203125000e+01
1.714440917968750000e+02 6.943650817871093750e+01
1.775167541503906250e+02 6.811707305908203125e+01
1.836351013183593750e+02 6.226047897338867188e+01
1.784517822265625000e+02 5.410845565795898438e+01
1.743700714111328125e+02 6.376685714721679688e+01
1.648667907714843750e+02 6.774943542480468750e+01
1.935446166992187500e+02 5.683786010742187500e+01
1.949808959960937500e+02 5.052840042114257812e+01
1.765909423828125000e+02 6.295438385009765625e+01
1.994314880371093750e+02 4.565601730346679688e+01
1.861078643798828125e+02 7.033403778076171875e+01
1.852766418457031250e+02 5.434738540649414062e+01
1.860482177734375000e+02 5.351416397094726562e+01
2.070658721923828125e+02 3.544805526733398438e+01
1.962073211669921875e+02 5.350502014160156250e+01
1.828891601562500000e+02 5.342690658569335938e+01
2.097608184814453125e+02 2.967982673645019531e+01
2.088303527832031250e+02 3.223551177978515625e+01
1.966644439697265625e+02 4.525824737548828125e+01
2.033100280761718750e+02 4.258559036254882812e+01
1.993575592041015625e+02 5.079050827026367188e+01
2.076889648437500000e+02 4.985560607910156250e+01
2.169717559814453125e+02 3.374780654907226562e+01
2.037975463867187500e+02 4.393482208251953125e+01
2.141681365966796875e+02 2.043630599975585938e+01
2.121070098876953125e+02 3.979416656494140625e+01
1.997033843994140625e+02 4.646858978271484375e+01
2.068859252929687500e+02 2.671619987487792969e+01
2.062835693359375000e+02 4.218696975708007812e+01
2.110277557373046875e+02 4.050903701782226562e+01
2.076301422119140625e+02 1.655682182312011719e+01
2.124771881103515625e+02 4.043290328979492188e+01
2.135050354003906250e+02 3.016956710815429688e+01
2.013459625244140625e+02 4.468618392944335938e+01
2.216013641357421875e+02 2.269243812561035156e+01
2.116461486816406250e+02 3.104960250854492188e+01
2.208361968994140625e+02 3.604490661621093750e+01
2.191258087158203125e+02 1.655833244323730469e+01
2.103808898925781250e+02 3.323170471191406250e+01
2.202185668945312500e+02 9.416216850280761719e+00
2.149045410156250000e+02 3.033916091918945312e+01
2.221956329345703125e+02 2.603789710998535156e+01
2.148238220214843750e+02 2.787601470947265625e+01
2.100707702636718750e+02 4.220241546630859375e+01
2.175436248779296875e+02 1.937879180908203125e+01
2.173591003417968750e+02 2.244164657592773438e+01
2.217613067626953125e+02 4.021598815917968750e+01
2.110778503417968750e+02 2.729648780822753906e+01
2.144678955078125000e+02 2.868605995178222656e+01
2.256176452636718750e+02 1.739428520202636719e+01
2.176207580566406250e+02 3.001962089538574219e+01
2.185150604248046875e+02 2.290354156494140625e+01
2.203538360595703125e+02 2.590559768676757812e+01
2.243529052734375000e+02 1.252068519592285156e+01
2.171957244873046875e+02 2.779412841796875000e+01
2.196147918701171875e+02 2.090703773498535156e+01
2.244264984130859375e+02 2.589542579650878906e+01
2.185706024169921875e+02 4.598144531250000000e+01
2.063971557617187500e+02 4.275216674804687500e+01
2.243643646240234375e+02 2.842181015014648438e+01
2.182686309814453125e+02 2.781922721862792969e+01
2.155488739013671875e+02 2.134747886657714844e+01
2.206641387939453125e+02 1.865075302124023438e+01
2.144713134765625000e+02 2.201763153076171875e+01
2.105748443603515625e+02 2.912142944335937500e+01
2.098329620361328125e+02 3.707892990112304688e+01
2.169044189453125000e+02 1.251544857025146484e+01
2.100331726074218750e+02 3.102974128723144531e+01
2.127935943603515625e+02 2.999301910400390625e+01
2.209117889404296875e+02 1.171236228942871094e+01
2.142920227050781250e+02 2.563072013854980469e+01
2.094884033203125000e+02 3.618635559082031250e+01
2.135768432617187500e+02 2.271260643005371094e+01
2.186548309326171875e+02 1.451173210144042969e+01
2.127635040283203125e+02 1.792943954467773438e+01
2.176278839111328125e+02 1.468677616119384766e+01
2.192540283203125000e+02 1.023130989074707031e+01
2.147097625732421875e+02 2.285274314880371094e+01
2.176833496093750000e+02 2.214700508117675781e+01
2.166610870361328125e+02 1.327104663848876953e+01
2.180498962402343750e+02 1.428710842132568359e+01
2.062241668701171875e+02 2.299405097961425781e+01
2.172730407714843750e+02 2.867003822326660156e+01
2.055723114013671875e+02 4.942427444458007812e+01
2.167857971191406250e+02 1.644477081298828125e+01
2.154323272705078125e+02 1.013943195343017578e+01
2.204115447998046875e+02 1.155319690704345703e+01
2.170170898437500000e+02 1.210072994232177734e+01
2.137918395996093750e+02 2.144815635681152344e+01
2.165350189208984375e+02 1.257040882110595703e+01
2.210367126464843750e+02 1.301656627655029297e+01
2.122395172119140625e+02 1.225076198577880859e+01
2.146842498779296875e+02 9.362361907958984375e+00
2.191034851074218750e+02 1.394976139068603516e+01
2.181179046630859375e+02 9.382117271423339844e+00
2.093427734375000000e+02 1.515745925903320312e+01
2.163654479980468750e+02 1.106969928741455078e+01
2.129175262451171875e+02 8.782903671264648438e+00
2.098293304443359375e+02 2.004849624633789062e+01
2.170553741455078125e+02 1.132123470306396484e+01
2.181117858886718750e+02 7.608169555664062500e+00
2.162935028076171875e+02 1.946245765686035156e+01
2.139848327636718750e+02 1.832260513305664062e+01
2.135109710693359375e+02 2.021047401428222656e+01
2.141984100341796875e+02 1.153771018981933594e+01
2.103995513916015625e+02 3.238528060913085938e+01
2.143726959228515625e+02 8.691331863403320312e+00
2.173241271972656250e+02 1.283087635040283203e+01
2.154390869140625000e+02 1.169029331207275391e+01
2.132091522216796875e+02 1.069221687316894531e+01
2.137358398437500000e+02 2.077429771423339844e+01
2.157631378173828125e+02 1.475133895874023438e+01
2.114663848876953125e+02 2.577728271484375000e+01
2.157478179931640625e+02 1.017860889434814453e+01
2.193477478027343750e+02 8.793231964111328125e+00
2.201586456298828125e+02 1.093915367126464844e+01
2.056286926269531250e+02 4.222157287597656250e+01
2.138087615966796875e+02 2.441377830505371094e+01
2.201436767578125000e+02 1.413935661315917969e+01
2.221800537109375000e+02 1.291340923309326172e+01
2.167309112548828125e+02 1.127089691162109375e+01
2.167377929687500000e+02 9.418158531188964844e+00
2.145750579833984375e+02 2.454952812194824219e+01
2.200713195800781250e+02 2.042784500122070312e+01
2.185484313964843750e+02 1.113760852813720703e+01
2.266491394042968750e+02 1.451092624664306641e+01
2.214463348388671875e+02 1.386319065093994141e+01
2.225557861328125000e+02 1.194511985778808594e+01
2.119325714111328125e+02 1.366515159606933594e+01
2.150450439453125000e+02 1.748768043518066406e+01
2.184203796386718750e+02 1.318701744079589844e+01
2.086602935791015625e+02 3.428418731689453125e+01
2.156570892333984375e+02 1.731997871398925781e+01
2.136286926269531250e+02 1.743902587890625000e+01
2.062454833984375000e+02 3.111175155639648438e+01
2.197465057373046875e+02 2.617633056640625000e+01
2.167474670410156250e+02 1.123252296447753906e+01
2.218228454589843750e+02 1.365880203247070312e+01
2.176296691894531250e+02 1.620170974731445312e+01
2.144709625244140625e+02 1.591263675689697266e+01
2.105457611083984375e+02 2.550134658813476562e+01
2.172060546875000000e+02 1.376059532165527344e+01
2.175866241455078125e+02 3.207125091552734375e+01
2.183259735107421875e+02 2.139958190917968750e+01
2.225381774902343750e+02 6.712035179138183594e+00
2.214441375732421875e+02 9.459625244140625000e+00
2.234252929687500000e+02 1.535415267944335938e+01
2.229862976074218750e+02 7.118363857269287109e+00
2.281237335205078125e+02 1.416399288177490234e+01
2.198328399658203125e+02 8.701628684997558594e+00
2.214801330566406250e+02 1.276938629150390625e+01
2.235199890136718750e+02 1.993011665344238281e+01
2.192344665527343750e+02 1.946752929687500000e+01
2.237627410888671875e+02 1.298951339721679688e+01
2.251514892578125000e+02 8.878208160400390625e+00
2.241487579345703125e+02 1.191052055358886719e+01
2.280649719238281250e+02 1.258085536956787109e+01
2.193894805908203125e+02 2.285101890563964844e+01
2.263457336425781250e+02 1.757223320007324219e+01
2.218130340576171875e+02 8.431738853454589844e+00
2.265789947509765625e+02 1.485118103027343750e+01
2.263518981933593750e+02 1.283983230590820312e+01
2.220519561767578125e+02 1.483491325378417969e+01
2.212079620361328125e+02 8.178555488586425781e+00
2.242965087890625000e+02 1.096604347229003906e+01
2.246433715820312500e+02 1.314132881164550781e+01
2.259904785156250000e+02 9.915371894836425781e+00
2.241195373535156250e+02 9.666389465332031250e+00
2.256454772949218750e+02 1.257996368408203125e+01
2.209971466064453125e+02 1.399222755432128906e+01
2.277352447509765625e+02 1.121492099761962891e+01
2.247416687011718750e+02 1.135030269622802734e+01
2.239396514892578125e+02 1.285974884033203125e+01
2.300225830078125000e+02 1.980891990661621094e+01
2.260232696533203125e+02 1.182124042510986328e+01
2.240740051269531250e+02 8.677733421325683594e+00
2.205222930908203125e+02 2.378923797607421875e+01
2.229605712890625000e+02 1.083331966400146484e+01
2.235412292480468750e+02 5.729211330413818359e+00
2.263072204589843750e+02 8.874775886535644531e+00
2.290117950439453125e+02 1.492033004760742188e+01
2.221201171875000000e+02 1.195592117309570312e+01
2.250822296142578125e+02 1.222675132751464844e+01
2.262025451660156250e+02 1.271487045288085938e+01
2.303478546142578125e+02 1.268320560455322266e+01
2.182550201416015625e+02 1.017213249206542969e+01
2.256605529785156250e+02 8.867199897766113281e+00
2.208710174560546875e+02 7.375556468963623047e+00
2.210216827392578125e+02 1.203176975250244141e+01
2.229962921142578125e+02 1.014351749420166016e+01
2.236136169433593750e+02 1.262187004089355469e+01
2.236078338623046875e+02 9.880060195922851562e+00
2.256529083251953125e+02 1.212437057495117188e+01
2.248636779785156250e+02 1.436727142333984375e+01
2.246916046142578125e+02 7.991454601287841797e+00
2.239600067138671875e+02 8.645208358764648438e+00
2.216363983154296875e+02 1.300021839141845703e+01
2.234820556640625000e+02 7.108438491821289062e+00
2.247988586425781250e+02 1.172837066650390625e+01
2.215434570312500000e+02 1.245219230651855469e+01
2.253484802246093750e+02 1.201165294647216797e+01
2.245482635498046875e+02 1.845596504211425781e+01
2.190160217285156250e+02 6.280499458312988281e+00
2.227616271972656250e+02 1.059147071838378906e+01
2.265448913574218750e+02 1.242612648010253906e+01
2.233289794921875000e+02 1.099549961090087891e+01
2.265977325439453125e+02 1.266404533386230469e+01
2.261003112792968750e+02 8.794323921203613281e+00
2.197988281250000000e+02 2.070312690734863281e+01
2.250572967529296875e+02 1.901575469970703125e+01
2.247790527343750000e+02 7.095077514648437500e+00
2.180543365478515625e+02 3.003359985351562500e+01
2.255737609863281250e+02 9.787266731262207031e+00
2.199966583251953125e+02 1.317251014709472656e+01
2.255482482910156250e+02 1.619639205932617188e+01
2.257454071044921875e+02 1.088971519470214844e+01
2.220653076171875000e+02 1.404021739959716797e+01
2.158191680908203125e+02 2.339586067199707031e+01
2.175083770751953125e+02 1.401657295227050781e+01
2.240573425292968750e+02 2.119464302062988281e+01
2.225439910888671875e+02 1.400379085540771484e+01
2.220031433105468750e+02 1.337932395935058594e+01
2.107875671386718750e+02 3.899317169189453125e+01
2.201288757324218750e+02 1.350768280029296875e+01
2.217432403564453125e+02 1.433113861083984375e+01
2.243909149169921875e+02 8.076781272888183594e+00
2.230547637939453125e+02 9.384480476379394531e+00
2.251940765380859375e+02 2.996331977844238281e+01
2.141696166992187500e+02 3.130959701538085938e+01
2.262954559326171875e+02 1.124548149108886719e+01
2.177234191894531250e+02 1.018128395080566406e+01
2.203099822998046875e+02 1.180184555053710938e+01
2.228272705078125000e+02 9.086081504821777344e+00
2.288603973388671875e+02 1.262771224975585938e+01
2.249340057373046875e+02 1.851876831054687500e+01
2.252591247558593750e+02 1.533737468719482422e+01
2.255581512451171875e+02 1.085579776763916016e+01
2.181279754638671875e+02 2.898115539550781250e+01
