9.932522773742675781e+00 5.628963470458984375e+00
1.098074436187744141e+01 7.413521289825439453e+00
1.123932170867919922e+01 7.611466884613037109e+00
1.263961410522460938e+01 9.794415473937988281e+00
1.193923854827880859e+01 8.124921798706054688e+00
1.307201099395751953e+01 9.421862602233886719e+00
1.570189762115478516e+01 1.736366271972656250e+01
1.486649131774902344e+01 1.300414276123046875e+01
1.659510612487792969e+01 1.545475864410400391e+01
1.612931823730468750e+01 1.247571468353271484e+01
2.580920982360839844e+01 2.925307464599609375e+01
1.851926040649414062e+01 1.479694652557373047e+01
3.160888290405273438e+01 3.618131256103515625e+01
2.579629516601562500e+01 3.317551422119140625e+01
2.600226211547851562e+01 2.557148742675781250e+01
3.486059951782226562e+01 4.496897888183593750e+01
3.645632171630859375e+01 3.474648666381835938e+01
3.424330139160156250e+01 3.555463409423828125e+01
4.388024902343750000e+01 4.341446685791015625e+01
4.644946289062500000e+01 5.493448638916015625e+01
4.958787536621093750e+01 5.051718521118164062e+01
6.921572875976562500e+01 5.023694992065429688e+01
5.799739074707031250e+01 5.120281600952148438e+01
5.534979629516601562e+01 4.544281387329101562e+01
6.318828582763671875e+01 5.079241943359375000e+01
8.656979370117187500e+01 6.665548706054687500e+01
9.622468566894531250e+01 5.742301940917968750e+01
7.321413421630859375e+01 4.827688980102539062e+01
7.974756622314453125e+01 4.426882553100585938e+01
9.261909484863281250e+01 5.115998840332031250e+01
9.430046081542968750e+01 4.705099487304687500e+01
9.949115753173828125e+01 5.171492767333984375e+01
9.590796661376953125e+01 4.926816558837890625e+01
1.021426239013671875e+02 6.263135147094726562e+01
1.003195648193359375e+02 5.088687515258789062e+01
9.112423706054687500e+01 4.229461288452148438e+01
1.033202438354492188e+02 3.521408462524414062e+01
1.118413467407226562e+02 5.480525207519531250e+01
1.098688278198242188e+02 5.405860137939453125e+01
1.136856231689453125e+02 5.104748535156250000e+01
1.123665771484375000e+02 4.951057434082031250e+01
1.215537567138671875e+02 5.740015411376953125e+01
1.170158386230468750e+02 4.912157821655273438e+01
1.238450241088867188e+02 5.855355834960937500e+01
1.157505035400390625e+02 4.980544281005859375e+01
1.290300445556640625e+02 5.733088302612304688e+01
1.091222076416015625e+02 4.712279129028320312e+01
9.785414123535156250e+01 4.901959991455078125e+01
1.217801589965820312e+02 4.521080398559570312e+01
1.356073608398437500e+02 5.198986816406250000e+01
1.306667633056640625e+02 5.071495056152343750e+01
1.592264099121093750e+02 6.006908798217773438e+01
1.162433319091796875e+02 4.816350936889648438e+01
1.466149902343750000e+02 6.979474639892578125e+01
1.401285858154296875e+02 6.490678405761718750e+01
1.253649520874023438e+02 6.085687255859375000e+01
1.357471160888671875e+02 6.913161468505859375e+01
1.295356597900390625e+02 7.186522674560546875e+01
1.568341979980468750e+02 5.932334518432617188e+01
1.514512786865234375e+02 5.922745895385742188e+01
1.449465637207031250e+02 5.915923309326171875e+01
1.643660736083984375e+02 6.397983169555664062e+01
1.463549652099609375e+02 6.266941452026367188e+01
1.628598937988281250e+02 7.871407318115234375e+01
1.690573272705078125e+02 6.712300872802734375e+01
1.596801757812500000e+02 5.732192611694335938e+01
1.601480407714843750e+02 6.599356079101562500e+01
1.661456298828125000e+02 5.355447387695312500e+01
1.750549774169921875e+02 5.411228942871093750e+01
1.741361846923828125e+02 5.558071899414062500e+01
1.517879333496093750e+02 6.269968032836914062e+01
1.505234527587890625e+02 5.937105941772460938e+01
1.824095153808593750e+02 5.123939514160156250e+01
1.740215454101562500e+02 4.474459838867187500e+01
1.718664093017578125e+02 4.272087097167968750e+01
1.646347656250000000e+02 5.392580413818359375e+01
1.674261474609375000e+02 5.875063705444335938e+01
1.806030883789062500e+02 4.630087280273437500e+01
1.622015075683593750e+02 5.981183624267578125e+01
1.935298767089843750e+02 3.906353759765625000e+01
1.818337554931640625e+02 4.337221145629882812e+01
1.795698699951171875e+02 3.799106979370117188e+01
1.838943328857421875e+02 3.739171218872070312e+01
1.895804748535156250e+02 4.274858856201171875e+01
1.808886260986328125e+02 4.561384963989257812e+01
1.956835327148437500e+02 2.744916152954101562e+01
1.881990966796875000e+02 3.078601837158203125e+01
1.771403656005859375e+02 5.603086853027343750e+01
1.802732086181640625e+02 5.527396774291992188e+01
1.878120117187500000e+02 3.296001052856445312e+01
1.988605499267578125e+02 2.645248413085937500e+01
1.850644989013671875e+02 4.362380218505859375e+01
1.922861938476562500e+02 3.144991111755371094e+01
1.844450531005859375e+02 3.768589019775390625e+01
1.934371337890625000e+02 2.427907943725585938e+01
1.893584594726562500e+02 3.170088768005371094e+01
1.861715545654296875e+02 4.643597412109375000e+01
1.921127014160156250e+02 3.054746818542480469e+01
2.029210357666015625e+02 1.664127540588378906e+01
1.883364105224609375e+02 3.730061340332031250e+01
2.034544982910156250e+02 1.104428768157958984e+01
1.905689086914062500e+02 3.525689315795898438e+01
2.049062042236328125e+02 9.699951171875000000e+00
1.999868774414062500e+02 2.512478065490722656e+01
1.933178710937500000e+02 3.099759864807128906e+01
2.039351196289062500e+02 1.370751571655273438e+01
1.892103881835937500e+02 2.901195144653320312e+01
1.857415618896484375e+02 3.703173446655273438e+01
1.924525756835937500e+02 3.674072265625000000e+01
2.041098022460937500e+02 9.408920288085937500e+00
1.851829833984375000e+02 3.772811126708984375e+01
2.013751983642578125e+02 2.666745948791503906e+01
2.003884124755859375e+02 2.633585166931152344e+01
2.077437438964843750e+02 9.735143661499023438e+00
2.020815429687500000e+02 3.504581069946289062e+01
2.074682922363281250e+02 2.387393569946289062e+01
2.027882537841796875e+02 3.529145050048828125e+01
2.076411895751953125e+02 2.078344535827636719e+01
2.053623962402343750e+02 1.729867172241210938e+01
2.087497406005859375e+02 2.735880851745605469e+01
2.055987243652343750e+02 1.334960746765136719e+01
2.023108367919921875e+02 2.507330894470214844e+01
2.041810150146484375e+02 2.069488525390625000e+01
2.131510925292968750e+02 8.172834396362304688e+00
2.004370117187500000e+02 2.858303070068359375e+01
2.110775451660156250e+02 1.528163623809814453e+01
2.105362701416015625e+02 1.646725273132324219e+01
2.097110290527343750e+02 1.062926292419433594e+01
2.091511840820312500e+02 7.158347129821777344e+00
2.084739990234375000e+02 1.410012912750244141e+01
2.120550994873046875e+02 1.862999725341796875e+01
2.188469696044921875e+02 1.598884582519531250e+01
2.114464111328125000e+02 2.447715187072753906e+01
2.120843353271484375e+02 1.566163158416748047e+01
2.098298492431640625e+02 1.836333847045898438e+01
2.072145080566406250e+02 4.128711318969726562e+01
2.135206298828125000e+02 2.346633148193359375e+01
2.191543731689453125e+02 1.281247711181640625e+01
2.088475646972656250e+02 2.713805580139160156e+01
2.080666351318359375e+02 2.528153800964355469e+01
2.156161651611328125e+02 1.506376838684082031e+01
2.197796630859375000e+02 2.019197654724121094e+01
2.144409942626953125e+02 1.668939399719238281e+01
2.097037048339843750e+02 1.271796035766601562e+01
2.020046997070312500e+02 4.395836639404296875e+01
2.154605255126953125e+02 2.218444633483886719e+01
2.154033966064453125e+02 1.722270774841308594e+01
2.128876495361328125e+02 1.923771095275878906e+01
2.126152343750000000e+02 1.071516036987304688e+01
2.147699737548828125e+02 1.856882286071777344e+01
2.149181823730468750e+02 1.287794113159179688e+01
2.056717681884765625e+02 1.862299919128417969e+01
2.175534210205078125e+02 1.484341621398925781e+01
2.245669403076171875e+02 2.013604545593261719e+01
2.151882476806640625e+02 1.059248924255371094e+01
2.181001739501953125e+02 1.748021697998046875e+01
2.111670837402343750e+02 1.118715476989746094e+01
2.083709259033203125e+02 1.339949703216552734e+01
2.270574645996093750e+02 2.054645538330078125e+01
2.134301757812500000e+02 2.586215209960937500e+01
2.149044342041015625e+02 1.170037269592285156e+01
2.161921386718750000e+02 2.288954162597656250e+01
2.038041839599609375e+02 4.360427093505859375e+01
2.089794006347656250e+02 2.250805091857910156e+01
2.159291992187500000e+02 2.243147468566894531e+01
2.132481842041015625e+02 1.772004318237304688e+01
2.161234588623046875e+02 1.124006843566894531e+01
2.203295135498046875e+02 1.103134441375732422e+01
2.069398040771484375e+02 4.016106033325195312e+01
2.072312774658203125e+02 3.726900482177734375e+01
2.146936187744140625e+02 1.202077293395996094e+01
2.108430786132812500e+02 1.351400279998779297e+01
1.996057739257812500e+02 4.956916427612304688e+01
2.155603179931640625e+02 1.189368534088134766e+01
2.144417114257812500e+02 8.849135398864746094e+00
2.130460205078125000e+02 1.711512374877929688e+01
2.157602233886718750e+02 1.281554317474365234e+01
2.181099548339843750e+02 1.002649021148681641e+01
2.225251007080078125e+02 1.162368679046630859e+01
2.138018035888671875e+02 9.190945625305175781e+00
2.097817077636718750e+02 3.028658103942871094e+01
2.118605804443359375e+02 2.453104400634765625e+01
2.145858001708984375e+02 1.081846332550048828e+01
2.092589416503906250e+02 9.713910102844238281e+00
2.081546478271484375e+02 2.283685302734375000e+01
2.034498291015625000e+02 3.542029190063476562e+01
2.177504577636718750e+02 1.171498203277587891e+01
2.157154235839843750e+02 9.026285171508789062e+00
2.173246307373046875e+02 2.352756309509277344e+01
2.215867156982421875e+02 1.976117134094238281e+01
2.032324066162109375e+02 3.661262512207031250e+01
2.169147338867187500e+02 1.492680835723876953e+01
2.162386016845703125e+02 1.231080627441406250e+01
2.124542236328125000e+02 1.470441055297851562e+01
2.137484130859375000e+02 8.155168533325195312e+00
2.056559143066406250e+02 2.799617958068847656e+01
2.092432098388671875e+02 1.579425621032714844e+01
2.165577850341796875e+02 1.617569351196289062e+01
2.148585205078125000e+02 8.431219100952148438e+00
2.177891387939453125e+02 1.834156608581542969e+01
2.144603576660156250e+02 6.866661548614501953e+00
2.174518127441406250e+02 1.549283885955810547e+01
2.185383453369140625e+02 8.724456787109375000e+00
2.131652069091796875e+02 9.247048377990722656e+00
2.150046844482421875e+02 2.744194030761718750e+01
2.154337463378906250e+02 2.611551856994628906e+01
2.186141204833984375e+02 1.121998119354248047e+01
2.165841522216796875e+02 1.380058860778808594e+01
2.211492004394531250e+02 9.444704055786132812e+00
2.177557067871093750e+02 1.580648899078369141e+01
2.209873504638671875e+02 2.978694152832031250e+01
2.196688995361328125e+02 1.325042152404785156e+01
2.198222198486328125e+02 1.239160537719726562e+01
2.230552978515625000e+02 1.340790939331054688e+01
2.205559539794921875e+02 2.015908813476562500e+01
2.145092315673828125e+02 2.642733955383300781e+01
2.215952606201171875e+02 1.087282848358154297e+01
2.253545989990234375e+02 1.634827613830566406e+01
2.246529541015625000e+02 1.691942024230957031e+01
2.243955993652343750e+02 1.259692382812500000e+01
2.201516876220703125e+02 1.641073608398437500e+01
2.207470397949218750e+02 1.376580619812011719e+01
2.188437500000000000e+02 2.075233840942382812e+01
2.290219421386718750e+02 2.148183631896972656e+01
2.183832092285156250e+02 1.213927268981933594e+01
2.285515594482421875e+02 1.758469390869140625e+01
2.225577850341796875e+02 1.340878582000732422e+01
2.227068634033203125e+02 1.219833660125732422e+01
2.277548522949218750e+02 1.010103702545166016e+01
2.211442871093750000e+02 1.225256919860839844e+01
2.163682403564453125e+02 2.830412101745605469e+01
2.263778533935546875e+02 1.447326564788818359e+01
2.247413330078125000e+02 1.287931251525878906e+01
2.202386474609375000e+02 1.128917980194091797e+01
2.279263763427734375e+02 1.913945388793945312e+01
2.254994659423828125e+02 2.254211044311523438e+01
2.302139129638671875e+02 1.348845005035400391e+01
2.251708221435546875e+02 1.177458000183105469e+01
2.323674468994140625e+02 1.156242179870605469e+01
2.220952453613281250e+02 1.657110214233398438e+01
2.154070892333984375e+02 2.077312278747558594e+01
2.253325958251953125e+02 1.325939750671386719e+01
2.300920562744140625e+02 1.556574440002441406e+01
2.124663391113281250e+02 4.006123352050781250e+01
2.222448425292968750e+02 1.402071762084960938e+01
2.342686309814453125e+02 1.634945106506347656e+01
2.258677062988281250e+02 1.333376693725585938e+01
2.241096649169921875e+02 1.234588050842285156e+01
2.191790008544921875e+02 2.196067428588867188e+01
2.019833068847656250e+02 5.134791946411132812e+01
2.220960998535156250e+02 1.674470329284667969e+01
2.273340148925781250e+02 1.569170379638671875e+01
2.201913146972656250e+02 1.600419044494628906e+01
2.065899200439453125e+02 3.965996932983398438e+01
2.179220733642578125e+02 2.339104461669921875e+01
2.130102996826171875e+02 2.356619262695312500e+01
2.194687805175781250e+02 1.948523521423339844e+01
2.153076171875000000e+02 2.665320396423339844e+01
2.106305999755859375e+02 3.155319404602050781e+01
2.193428649902343750e+02 2.232453155517578125e+01
2.129192962646484375e+02 3.648011398315429688e+01
2.180650329589843750e+02 2.301323509216308594e+01
2.019448699951171875e+02 4.291442871093750000e+01
2.189723968505859375e+02 5.460344696044921875e+01
2.150926361083984375e+02 1.716719055175781250e+01
2.194845275878906250e+02 1.503443050384521484e+01
2.095365447998046875e+02 3.556128692626953125e+01
2.176353759765625000e+02 2.797996330261230469e+01
2.176871032714843750e+02 2.670625305175781250e+01
2.167506866455078125e+02 4.321963500976562500e+01
2.239698028564453125e+02 2.128936767578125000e+01
2.158806304931640625e+02 2.106424713134765625e+01
2.235133361816406250e+02 1.505690956115722656e+01
2.257888336181640625e+02 1.786056518554687500e+01
2.335051727294921875e+02 1.338701248168945312e+01
2.243803405761718750e+02 1.747686386108398438e+01
2.103566589355468750e+02 5.986749267578125000e+01
2.201212615966796875e+02 2.784226036071777344e+01
2.215223388671875000e+02 1.521577262878417969e+01
2.100341491699218750e+02 5.465004348754882812e+01
2.219467468261718750e+02 1.815239143371582031e+01
2.273601379394531250e+02 9.903481483459472656e+00
2.235014953613281250e+02 1.261253929138183594e+01
2.183377532958984375e+02 1.882460594177246094e+01
2.250955505371093750e+02 2.125630760192871094e+01
2.246173095703125000e+02 1.346204471588134766e+01
2.266488342285156250e+02 1.570685100555419922e+01
2.263667297363281250e+02 9.891603469848632812e+00
2.160233154296875000e+02 3.854030990600585938e+01
2.289610595703125000e+02 1.284856796264648438e+01
2.332350463867187500e+02 1.782644844055175781e+01
2.286132507324218750e+02 7.995513439178466797e+00
2.268565216064453125e+02 8.540106773376464844e+00
2.290369415283203125e+02 1.075550174713134766e+01
2.187218017578125000e+02 4.263882064819335938e+01
2.267901611328125000e+02 1.916974258422851562e+01
2.213961486816406250e+02 1.049047088623046875e+01
2.257120819091796875e+02 1.039890193939208984e+01
2.247538757324218750e+02 1.407779884338378906e+01
2.244157409667968750e+02 1.268259716033935547e+01
