9.932522773742675781e+00 5.628963470458984375e+00
1.090767860412597656e+01 6.682072639465332031e+00
1.097451782226562500e+01 6.411595821380615234e+00
1.128248023986816406e+01 6.406879901885986328e+00
1.084665203094482422e+01 6.305937290191650391e+00
1.159908580780029297e+01 7.008840560913085938e+00
1.238689899444580078e+01 7.842584609985351562e+00
1.158884143829345703e+01 7.710608482360839844e+00
1.161462116241455078e+01 6.894838333129882812e+00
1.178099441528320312e+01 6.991296768188476562e+00
1.510684585571289062e+01 1.708247756958007812e+01
1.134398746490478516e+01 5.903726100921630859e+00
1.335949707031250000e+01 7.493078708648681641e+00
1.127273464202880859e+01 6.529536247253417969e+00
1.162213611602783203e+01 5.018321037292480469e+00
1.175938510894775391e+01 5.756026268005371094e+00
1.337659263610839844e+01 1.442461681365966797e+01
1.140612030029296875e+01 5.283188343048095703e+00
1.125356388092041016e+01 6.533749580383300781e+00
1.117414188385009766e+01 8.268132209777832031e+00
1.074693298339843750e+01 5.523726463317871094e+00
1.115778732299804688e+01 4.508423805236816406e+00
1.032742786407470703e+01 4.495931148529052734e+00
1.089442539215087891e+01 5.972095489501953125e+00
1.108320808410644531e+01 4.052724361419677734e+00
1.095566272735595703e+01 4.789229393005371094e+00
1.152588272094726562e+01 7.298560142517089844e+00
1.003355407714843750e+01 4.382817745208740234e+00
1.125528240203857422e+01 5.437707424163818359e+00
1.122292613983154297e+01 6.138020515441894531e+00
1.112359428405761719e+01 5.363414764404296875e+00
1.102882957458496094e+01 4.181768417358398438e+00
1.236516380310058594e+01 7.071841716766357422e+00
1.089529991149902344e+01 6.099305152893066406e+00
1.290508842468261719e+01 7.394700050354003906e+00
1.352242469787597656e+01 8.169615745544433594e+00
1.286080551147460938e+01 5.849173069000244141e+00
1.538742256164550781e+01 1.272152805328369141e+01
1.344024085998535156e+01 7.373406410217285156e+00
1.488406562805175781e+01 8.748929977416992188e+00
1.563590717315673828e+01 1.108029460906982422e+01
1.598799419403076172e+01 1.400579166412353516e+01
1.810626792907714844e+01 1.483124828338623047e+01
1.810778808593750000e+01 1.392434215545654297e+01
1.581507873535156250e+01 8.151321411132812500e+00
1.641132354736328125e+01 1.180154514312744141e+01
1.924644470214843750e+01 1.668892669677734375e+01
2.076276397705078125e+01 1.955261611938476562e+01
2.146680641174316406e+01 2.488364219665527344e+01
2.206440162658691406e+01 2.078117942810058594e+01
2.111290550231933594e+01 1.801106452941894531e+01
2.338607025146484375e+01 1.783382606506347656e+01
1.924800682067871094e+01 1.246548080444335938e+01
2.867379379272460938e+01 3.071959114074707031e+01
1.805655860900878906e+01 8.892567634582519531e+00
2.532457160949707031e+01 3.655845642089843750e+01
2.430293464660644531e+01 3.580693817138671875e+01
2.523668670654296875e+01 1.657971191406250000e+01
2.487998390197753906e+01 2.082800102233886719e+01
4.210246276855468750e+01 5.894752120971679688e+01
2.776621818542480469e+01 2.934287261962890625e+01
2.776767349243164062e+01 2.296549987792968750e+01
3.736135864257812500e+01 4.942092514038085938e+01
2.871545410156250000e+01 1.849654960632324219e+01
3.170548439025878906e+01 4.315024185180664062e+01
2.671533775329589844e+01 2.236625671386718750e+01
3.666656875610351562e+01 3.837410354614257812e+01
2.982241249084472656e+01 2.214464950561523438e+01
3.175826644897460938e+01 2.028676223754882812e+01
4.184727478027343750e+01 4.092459106445312500e+01
5.102294540405273438e+01 7.933905792236328125e+01
3.456591033935546875e+01 2.194762802124023438e+01
4.797588348388671875e+01 4.240340805053710938e+01
3.628672790527343750e+01 4.545003509521484375e+01
4.087881469726562500e+01 4.259117126464843750e+01
6.438615417480468750e+01 8.069963836669921875e+01
3.610063934326171875e+01 3.006414985656738281e+01
4.495486068725585938e+01 3.824206542968750000e+01
4.813330078125000000e+01 3.829661178588867188e+01
4.271053314208984375e+01 2.581959342956542969e+01
5.391430282592773438e+01 5.403808593750000000e+01
5.397581100463867188e+01 5.974103546142578125e+01
5.618402099609375000e+01 6.342651367187500000e+01
6.723551940917968750e+01 5.859288406372070312e+01
6.215682220458984375e+01 5.477872467041015625e+01
6.950440216064453125e+01 6.231071472167968750e+01
6.360084152221679688e+01 4.019435882568359375e+01
6.787466430664062500e+01 5.996788406372070312e+01
7.232209777832031250e+01 7.840897369384765625e+01
6.252689361572265625e+01 6.601268005371093750e+01
6.048913574218750000e+01 4.158046722412109375e+01
7.939939880371093750e+01 6.286879730224609375e+01
8.814479827880859375e+01 8.782779693603515625e+01
1.113686676025390625e+02 1.213445129394531250e+02
7.714312744140625000e+01 4.572156906127929688e+01
8.561928558349609375e+01 8.527611541748046875e+01
8.203839111328125000e+01 4.354000473022460938e+01
1.358328094482421875e+02 9.287068176269531250e+01
9.291561889648437500e+01 6.640954589843750000e+01
1.239812164306640625e+02 8.329061126708984375e+01
1.087245788574218750e+02 6.612732696533203125e+01
1.485412902832031250e+02 8.459864807128906250e+01
1.289017486572265625e+02 1.100226287841796875e+02
1.056267089843750000e+02 9.132643127441406250e+01
1.134491653442382812e+02 9.036363983154296875e+01
1.981484680175781250e+02 1.322119140625000000e+02
8.729528808593750000e+01 5.683886337280273438e+01
8.506929016113281250e+01 5.565884399414062500e+01
1.289827880859375000e+02 1.169644317626953125e+02
1.344134216308593750e+02 1.110210342407226562e+02
1.247869720458984375e+02 8.289385986328125000e+01
1.217226943969726562e+02 5.246076202392578125e+01
1.567109832763671875e+02 1.762869110107421875e+02
1.115693664550781250e+02 7.414466857910156250e+01
1.341176757812500000e+02 8.949069976806640625e+01
1.158611526489257812e+02 8.222784423828125000e+01
1.487986907958984375e+02 9.455795288085937500e+01
1.359597167968750000e+02 7.550432586669921875e+01
1.616699829101562500e+02 8.038270568847656250e+01
1.243396682739257812e+02 6.677992248535156250e+01
2.849954528808593750e+02 2.231203765869140625e+02
1.586905059814453125e+02 8.823799896240234375e+01
1.656224517822265625e+02 8.280234527587890625e+01
1.793291625976562500e+02 1.353164367675781250e+02
2.579739379882812500e+02 1.999359893798828125e+02
2.645105895996093750e+02 1.368465118408203125e+02
1.870999908447265625e+02 1.079852905273437500e+02
2.155109100341796875e+02 1.135722503662109375e+02
2.604915466308593750e+02 1.143808364868164062e+02
1.728138885498046875e+02 8.125414276123046875e+01
2.312090148925781250e+02 1.066160430908203125e+02
1.998381958007812500e+02 1.955252532958984375e+02
1.686743316650390625e+02 7.135436248779296875e+01
2.207070770263671875e+02 1.458798370361328125e+02
2.030012512207031250e+02 8.270548248291015625e+01
2.852102966308593750e+02 1.676674957275390625e+02
2.187360382080078125e+02 1.115782470703125000e+02
2.328716583251953125e+02 1.537742919921875000e+02
2.965617065429687500e+02 2.706700134277343750e+02
3.554515380859375000e+02 2.387129974365234375e+02
1.961789550781250000e+02 1.297032775878906250e+02
3.719694519042968750e+02 2.814194946289062500e+02
2.898978881835937500e+02 1.866518554687500000e+02
2.690860290527343750e+02 1.488339080810546875e+02
2.031728515625000000e+02 1.492843780517578125e+02
2.023013153076171875e+02 5.908091735839843750e+01
2.865902709960937500e+02 1.279373779296875000e+02
2.726756286621093750e+02 1.500248107910156250e+02
2.254262695312500000e+02 1.337643737792968750e+02
2.591933593750000000e+02 1.225426101684570312e+02
4.015352478027343750e+02 2.987912597656250000e+02
2.482662353515625000e+02 1.181626739501953125e+02
2.493813171386718750e+02 9.637925720214843750e+01
2.334607849121093750e+02 1.201566925048828125e+02
2.017110748291015625e+02 7.381258392333984375e+01
2.290346679687500000e+02 8.202164459228515625e+01
2.650496826171875000e+02 1.041848297119140625e+02
2.623037719726562500e+02 1.249745330810546875e+02
2.667792358398437500e+02 6.623347473144531250e+01
2.327273254394531250e+02 1.182672424316406250e+02
2.428582305908203125e+02 1.424088897705078125e+02
4.012712097167968750e+02 1.972075805664062500e+02
3.332841796875000000e+02 1.472568359375000000e+02
3.333172607421875000e+02 1.566011505126953125e+02
3.749291992187500000e+02 2.178742523193359375e+02
3.785684204101562500e+02 1.395864868164062500e+02
2.817731628417968750e+02 1.079327239990234375e+02
3.131501159667968750e+02 2.138800964355468750e+02
3.072123413085937500e+02 1.592458496093750000e+02
3.613287658691406250e+02 1.736675872802734375e+02
3.515470886230468750e+02 1.503928833007812500e+02
4.441546325683593750e+02 1.886691741943359375e+02
4.961503906250000000e+02 1.263932647705078125e+02
4.004891662597656250e+02 1.711113128662109375e+02
5.224387817382812500e+02 2.709842529296875000e+02
4.874248046875000000e+02 8.062127685546875000e+01
4.536266174316406250e+02 1.882957153320312500e+02
6.456850585937500000e+02 2.277108612060546875e+02
4.392059936523437500e+02 1.499441986083984375e+02
4.746377563476562500e+02 1.555180664062500000e+02
3.718776855468750000e+02 2.093220825195312500e+02
4.090378723144531250e+02 1.045855407714843750e+02
4.466076660156250000e+02 2.958971862792968750e+02
4.271686401367187500e+02 1.684725952148437500e+02
4.238111267089843750e+02 1.470893707275390625e+02
3.890612792968750000e+02 2.612358398437500000e+02
4.565532226562500000e+02 1.207907714843750000e+02
5.054026794433593750e+02 2.012243194580078125e+02
5.945034790039062500e+02 1.457471008300781250e+02
4.295018005371093750e+02 1.227001342773437500e+02
4.877532653808593750e+02 1.666104888916015625e+02
5.561119384765625000e+02 2.005734863281250000e+02
5.307268066406250000e+02 2.067167968750000000e+02
3.773422546386718750e+02 1.470355377197265625e+02
6.112510986328125000e+02 1.518669738769531250e+02
6.735266723632812500e+02 2.555221099853515625e+02
4.628657226562500000e+02 1.767267303466796875e+02
5.467725219726562500e+02 2.113462524414062500e+02
5.122728881835937500e+02 1.511646575927734375e+02
5.104768676757812500e+02 2.321801757812500000e+02
4.034497985839843750e+02 1.111275711059570312e+02
4.135274963378906250e+02 1.157151718139648438e+02
5.202199096679687500e+02 1.738333587646484375e+02
5.266848754882812500e+02 2.997902526855468750e+02
7.803041381835937500e+02 2.675661315917968750e+02
5.412468872070312500e+02 2.837388305664062500e+02
4.716862792968750000e+02 2.098724975585937500e+02
4.310084838867187500e+02 2.648353271484375000e+02
6.155721435546875000e+02 2.376672973632812500e+02
5.222335205078125000e+02 2.696455078125000000e+02
5.241031494140625000e+02 2.937124938964843750e+02
6.127432861328125000e+02 1.776564636230468750e+02
4.710589904785156250e+02 1.646784820556640625e+02
6.691417846679687500e+02 2.339904632568359375e+02
8.460706176757812500e+02 9.975565338134765625e+01
6.144667968750000000e+02 2.971198425292968750e+02
5.587418212890625000e+02 1.962348632812500000e+02
4.155399780273437500e+02 1.323165740966796875e+02
6.173429565429687500e+02 1.459181671142578125e+02
5.237482299804687500e+02 1.806497955322265625e+02
4.403528747558593750e+02 1.132202911376953125e+02
6.764567871093750000e+02 2.462448272705078125e+02
5.356607666015625000e+02 2.558421478271484375e+02
5.749065551757812500e+02 2.604825134277343750e+02
4.740694885253906250e+02 2.021106262207031250e+02
4.272674255371093750e+02 2.693846130371093750e+02
4.882507934570312500e+02 2.411517486572265625e+02
6.153001098632812500e+02 2.998800964355468750e+02
4.825815429687500000e+02 1.554613189697265625e+02
6.467972412109375000e+02 2.131397247314453125e+02
5.069459838867187500e+02 5.835763931274414062e+01
5.542733154296875000e+02 2.740756225585937500e+02
4.091584472656250000e+02 1.002115020751953125e+02
6.177659301757812500e+02 1.741453094482421875e+02
6.018548583984375000e+02 2.913051757812500000e+02
4.894370117187500000e+02 1.400044555664062500e+02
5.085825805664062500e+02 2.276589660644531250e+02
4.140519714355468750e+02 1.964916839599609375e+02
3.231943359375000000e+02 2.749797668457031250e+02
5.422382812500000000e+02 2.352175598144531250e+02
4.313590393066406250e+02 2.837008361816406250e+02
4.970106811523437500e+02 1.528093566894531250e+02
5.241148681640625000e+02 1.922710418701171875e+02
4.285254821777343750e+02 1.674705047607421875e+02
3.767502136230468750e+02 2.190950622558593750e+02
4.760362548828125000e+02 1.667653656005859375e+02
4.318833923339843750e+02 2.199140319824218750e+02
5.469553833007812500e+02 7.460664367675781250e+01
4.170041809082031250e+02 1.324612579345703125e+02
3.823444519042968750e+02 2.217132720947265625e+02
4.068635864257812500e+02 1.065889739990234375e+02
4.293049621582031250e+02 1.738696289062500000e+02
3.911583557128906250e+02 1.876014404296875000e+02
4.584869689941406250e+02 4.694229125976562500e+01
5.455570068359375000e+02 2.743820190429687500e+02
4.251240844726562500e+02 1.739016265869140625e+02
5.669962158203125000e+02 2.772806091308593750e+02
3.979642944335937500e+02 1.756150817871093750e+02
3.637334594726562500e+02 1.649528961181640625e+02
3.140388488769531250e+02 1.319938201904296875e+02
3.915039367675781250e+02 1.151263198852539062e+02
4.474557189941406250e+02 2.857347717285156250e+02
4.373466186523437500e+02 7.591632080078125000e+01
3.974676208496093750e+02 1.407498168945312500e+02
4.272165832519531250e+02 9.083132934570312500e+01
4.985788879394531250e+02 2.538329620361328125e+02
4.522786254882812500e+02 1.358766021728515625e+02
4.695886230468750000e+02 8.312475585937500000e+01
5.138043823242187500e+02 1.713148193359375000e+02
3.865721435546875000e+02 7.901640319824218750e+01
4.655105895996093750e+02 1.203085021972656250e+02
4.633697204589843750e+02 7.214633941650390625e+01
4.022927856445312500e+02 1.821808319091796875e+02
3.274402465820312500e+02 1.560101165771484375e+02
3.216595153808593750e+02 8.582054901123046875e+01
4.055149841308593750e+02 1.025556411743164062e+02
3.203846435546875000e+02 8.277449035644531250e+01
4.113919372558593750e+02 9.935121917724609375e+01
4.482511901855468750e+02 1.193239440917968750e+02
3.938386840820312500e+02 1.582551269531250000e+02
3.544600830078125000e+02 1.194431381225585938e+02
3.459198913574218750e+02 1.319893188476562500e+02
4.052293395996093750e+02 1.256293411254882812e+02
4.024745483398437500e+02 9.268574523925781250e+01
3.148750305175781250e+02 1.333696746826171875e+02
3.885761108398437500e+02 9.262797546386718750e+01
3.490584716796875000e+02 9.980858612060546875e+01
3.235309753417968750e+02 1.319308013916015625e+02
3.692783203125000000e+02 1.753147430419921875e+02
4.245144958496093750e+02 1.689788970947265625e+02
4.178595581054687500e+02 7.528839874267578125e+01
2.990977172851562500e+02 5.568099212646484375e+01
4.497723693847656250e+02 1.904815521240234375e+02
4.093649902343750000e+02 1.189805068969726562e+02
4.072299499511718750e+02 1.504933776855468750e+02
4.654317321777343750e+02 1.953123931884765625e+02
3.684812622070312500e+02 7.159858703613281250e+01
4.026083984375000000e+02 7.126046752929687500e+01
3.796362609863281250e+02 7.333483886718750000e+01
3.899486999511718750e+02 1.031663208007812500e+02
