9.932522773742675781e+00 5.628963470458984375e+00
1.098074436187744141e+01 7.413521289825439453e+00
1.123932170867919922e+01 7.611466884613037109e+00
1.263961410522460938e+01 9.794415473937988281e+00
1.193923950195312500e+01 8.124921798706054688e+00
1.307201099395751953e+01 9.421862602233886719e+00
1.570189762115478516e+01 1.736366271972656250e+01
1.486649131774902344e+01 1.300414276123046875e+01
1.659510612487792969e+01 1.545475864410400391e+01
1.612931823730468750e+01 1.247571468353271484e+01
2.580920982360839844e+01 2.925307464599609375e+01
1.851926231384277344e+01 1.479694652557373047e+01
3.160888290405273438e+01 3.618131637573242188e+01
2.579629516601562500e+01 3.317551422119140625e+01
2.600226211547851562e+01 2.557148742675781250e+01
3.486059951782226562e+01 4.496897888183593750e+01
3.645632171630859375e+01 3.474648666381835938e+01
3.424330139160156250e+01 3.555463409423828125e+01
4.388024902343750000e+01 4.341446685791015625e+01
4.644946289062500000e+01 5.493448638916015625e+01
4.958787536621093750e+01 5.051718521118164062e+01
6.921572875976562500e+01 5.023694992065429688e+01
5.799739074707031250e+01 5.120281600952148438e+01
5.534979629516601562e+01 4.544281387329101562e+01
6.318829727172851562e+01 5.079241943359375000e+01
8.656979370117187500e+01 6.665548706054687500e+01
9.622468566894531250e+01 5.742301940917968750e+01
7.321413421630859375e+01 4.827688980102539062e+01
7.974756622314453125e+01 4.426882553100585938e+01
9.261909484863281250e+01 5.115999221801757812e+01
9.430046081542968750e+01 4.705099487304687500e+01
9.949115753173828125e+01 5.171492767333984375e+01
9.590796661376953125e+01 4.926816558837890625e+01
1.021426239013671875e+02 6.263135147094726562e+01
1.003195648193359375e+02 5.088687515258789062e+01
9.112423706054687500e+01 4.229461288452148438e+01
1.033202438354492188e+02 3.521408462524414062e+01
1.118413467407226562e+02 5.480524444580078125e+01
1.098688354492187500e+02 5.405861663818359375e+01
1.136856231689453125e+02 5.104748535156250000e+01
1.123665695190429688e+02 4.951056671142578125e+01
1.215537567138671875e+02 5.740015411376953125e+01
1.170158386230468750e+02 4.912157440185546875e+01
1.238450241088867188e+02 5.855355834960937500e+01
1.157505035400390625e+02 4.980544281005859375e+01
1.290300445556640625e+02 5.733088302612304688e+01
1.091222076416015625e+02 4.712279129028320312e+01
9.785414123535156250e+01 4.901959991455078125e+01
1.217801589965820312e+02 4.521080398559570312e+01
1.356073608398437500e+02 5.198986816406250000e+01
1.306667633056640625e+02 5.071495056152343750e+01
1.592264099121093750e+02 6.006908798217773438e+01
1.162433319091796875e+02 4.816350936889648438e+01
1.466149749755859375e+02 6.979474639892578125e+01
1.401285858154296875e+02 6.490678405761718750e+01
1.253649673461914062e+02 6.085687255859375000e+01
1.357471160888671875e+02 6.913161468505859375e+01
1.295356597900390625e+02 7.186522674560546875e+01
1.568341979980468750e+02 5.932334136962890625e+01
1.514512786865234375e+02 5.922745513916015625e+01
1.449465637207031250e+02 5.915923309326171875e+01
1.643660583496093750e+02 6.397982788085937500e+01
1.463549652099609375e+02 6.266941833496093750e+01
1.628598937988281250e+02 7.871407318115234375e+01
1.690573272705078125e+02 6.712300872802734375e+01
1.596801757812500000e+02 5.732192611694335938e+01
1.601480407714843750e+02 6.599356079101562500e+01
1.661456298828125000e+02 5.355447769165039062e+01
1.750549774169921875e+02 5.411228561401367188e+01
1.741361694335937500e+02 5.558071517944335938e+01
1.517879333496093750e+02 6.269968032836914062e+01
1.505234527587890625e+02 5.937105941772460938e+01
1.824095153808593750e+02 5.123939895629882812e+01
1.740215606689453125e+02 4.474459838867187500e+01
1.718664398193359375e+02 4.272087097167968750e+01
1.646347656250000000e+02 5.392580413818359375e+01
1.674261474609375000e+02 5.875063705444335938e+01
1.806030883789062500e+02 4.630087280273437500e+01
1.622015075683593750e+02 5.981183624267578125e+01
1.935298767089843750e+02 3.906353759765625000e+01
1.818337554931640625e+02 4.337221145629882812e+01
1.795698699951171875e+02 3.799106979370117188e+01
1.838943328857421875e+02 3.739171981811523438e+01
1.895804748535156250e+02 4.274859237670898438e+01
1.808886260986328125e+02 4.561384582519531250e+01
1.956835327148437500e+02 2.744916152954101562e+01
1.881990966796875000e+02 3.078601837158203125e+01
1.771403656005859375e+02 5.603087234497070312e+01
1.802732086181640625e+02 5.527396774291992188e+01
1.878120117187500000e+02 3.296001434326171875e+01
1.988605499267578125e+02 2.645248413085937500e+01
1.850644989013671875e+02 4.362380599975585938e+01
1.922861938476562500e+02 3.144991111755371094e+01
1.844450531005859375e+02 3.768589019775390625e+01
1.934371337890625000e+02 2.427907943725585938e+01
1.893584594726562500e+02 3.170088768005371094e+01
1.861715545654296875e+02 4.643597793579101562e+01
1.921127014160156250e+02 3.054746818542480469e+01
2.029210357666015625e+02 1.664127349853515625e+01
1.883364105224609375e+02 3.730061721801757812e+01
2.034544982910156250e+02 1.104428768157958984e+01
1.905689086914062500e+02 3.525689315795898438e+01
2.049062042236328125e+02 9.699951171875000000e+00
1.999868774414062500e+02 2.512478065490722656e+01
1.933178710937500000e+02 3.099759864807128906e+01
2.039351196289062500e+02 1.370751380920410156e+01
1.892103881835937500e+02 2.901194763183593750e+01
1.857415618896484375e+02 3.703173446655273438e+01
1.924525756835937500e+02 3.674072265625000000e+01
2.041098022460937500e+02 9.408920288085937500e+00
1.851829833984375000e+02 3.772811126708984375e+01
2.013751983642578125e+02 2.666745758056640625e+01
2.003884277343750000e+02 2.633585357666015625e+01
2.077437438964843750e+02 9.735142707824707031e+00
2.020815582275390625e+02 3.504581451416015625e+01
2.074682922363281250e+02 2.387393569946289062e+01
2.027882537841796875e+02 3.529145050048828125e+01
2.076411895751953125e+02 2.078344535827636719e+01
2.053623962402343750e+02 1.729867172241210938e+01
2.087497406005859375e+02 2.735881233215332031e+01
2.055987243652343750e+02 1.334961128234863281e+01
2.023108367919921875e+02 2.507330894470214844e+01
2.041810150146484375e+02 2.069488525390625000e+01
2.131510925292968750e+02 8.172836303710937500e+00
2.004370117187500000e+02 2.858303070068359375e+01
2.110775451660156250e+02 1.528163623809814453e+01
2.105362701416015625e+02 1.646725082397460938e+01
2.097110290527343750e+02 1.062926387786865234e+01
2.091511840820312500e+02 7.158347606658935547e+00
2.084739990234375000e+02 1.410012912750244141e+01
2.120550994873046875e+02 1.863000297546386719e+01
2.188469696044921875e+02 1.598884582519531250e+01
2.114464111328125000e+02 2.447715187072753906e+01
2.120843353271484375e+02 1.566163063049316406e+01
2.098298492431640625e+02 1.836333465576171875e+01
2.072145080566406250e+02 4.128711318969726562e+01
2.135206298828125000e+02 2.346633148193359375e+01
2.191543731689453125e+02 1.281247901916503906e+01
2.088475646972656250e+02 2.713805580139160156e+01
2.080666351318359375e+02 2.528153610229492188e+01
2.156161651611328125e+02 1.506377220153808594e+01
2.197796630859375000e+02 2.019197654724121094e+01
2.144410095214843750e+02 1.668939590454101562e+01
2.097037353515625000e+02 1.271796607971191406e+01
2.020046997070312500e+02 4.395836639404296875e+01
2.154605255126953125e+02 2.218445014953613281e+01
2.154033966064453125e+02 1.722270774841308594e+01
2.128876495361328125e+02 1.923771286010742188e+01
2.126152343750000000e+02 1.071515941619873047e+01
2.147699737548828125e+02 1.856882667541503906e+01
2.149181823730468750e+02 1.287794208526611328e+01
2.056717681884765625e+02 1.862300109863281250e+01
2.175534210205078125e+02 1.484341430664062500e+01
2.245669403076171875e+02 2.013604545593261719e+01
2.151882476806640625e+02 1.059249019622802734e+01
2.181001739501953125e+02 1.748021697998046875e+01
2.111670837402343750e+02 1.118715476989746094e+01
2.083709259033203125e+02 1.339949703216552734e+01
2.270574645996093750e+02 2.054645347595214844e+01
2.134301757812500000e+02 2.586215209960937500e+01
2.149044342041015625e+02 1.170037364959716797e+01
2.161921386718750000e+02 2.288954162597656250e+01
2.038041839599609375e+02 4.360427093505859375e+01
2.089794006347656250e+02 2.250805091857910156e+01
2.159291992187500000e+02 2.243147277832031250e+01
2.132481689453125000e+02 1.772004508972167969e+01
2.161234588623046875e+02 1.124006748199462891e+01
2.203295135498046875e+02 1.103134727478027344e+01
2.069398040771484375e+02 4.016106033325195312e+01
2.072312774658203125e+02 3.726900482177734375e+01
2.146936187744140625e+02 1.202077293395996094e+01
2.108430786132812500e+02 1.351400184631347656e+01
1.996057739257812500e+02 4.956916809082031250e+01
2.155603179931640625e+02 1.189368343353271484e+01
2.144417114257812500e+02 8.849135398864746094e+00
2.130460357666015625e+02 1.711512374877929688e+01
2.157602233886718750e+02 1.281554222106933594e+01
2.181099548339843750e+02 1.002648830413818359e+01
2.225251007080078125e+02 1.162368965148925781e+01
2.138018035888671875e+02 9.190944671630859375e+00
2.097817382812500000e+02 3.028658676147460938e+01
2.118605804443359375e+02 2.453104400634765625e+01
2.145858001708984375e+02 1.081845664978027344e+01
2.092589416503906250e+02 9.713911056518554688e+00
2.081546478271484375e+02 2.283685111999511719e+01
2.034498291015625000e+02 3.542028808593750000e+01
2.177504577636718750e+02 1.171498489379882812e+01
2.157154235839843750e+02 9.026279449462890625e+00
2.173246307373046875e+02 2.352756309509277344e+01
2.215867156982421875e+02 1.976116752624511719e+01
2.032324066162109375e+02 3.661262512207031250e+01
2.169147338867187500e+02 1.492680835723876953e+01
2.162386016845703125e+02 1.231080722808837891e+01
2.124542236328125000e+02 1.470440959930419922e+01
2.137484130859375000e+02 8.155170440673828125e+00
2.056559143066406250e+02 2.799617767333984375e+01
2.092432098388671875e+02 1.579425716400146484e+01
2.165578002929687500e+02 1.617569160461425781e+01
2.148585205078125000e+02 8.431219100952148438e+00
2.177891387939453125e+02 1.834156799316406250e+01
2.144603729248046875e+02 6.866661071777343750e+00
2.174518127441406250e+02 1.549283885955810547e+01
2.185383453369140625e+02 8.724459648132324219e+00
2.131652069091796875e+02 9.247048377990722656e+00
2.150046844482421875e+02 2.744193840026855469e+01
2.154337463378906250e+02 2.611551856994628906e+01
2.186141204833984375e+02 1.121998214721679688e+01
2.165841217041015625e+02 1.380058479309082031e+01
2.211492004394531250e+02 9.444705009460449219e+00
2.177557067871093750e+02 1.580648708343505859e+01
2.209873504638671875e+02 2.978693962097167969e+01
2.196688995361328125e+02 1.325042247772216797e+01
2.198222198486328125e+02 1.239160633087158203e+01
2.230552978515625000e+02 1.340791034698486328e+01
2.205559539794921875e+02 2.015909004211425781e+01
2.145092468261718750e+02 2.642734146118164062e+01
2.215952606201171875e+02 1.087282848358154297e+01
2.253545989990234375e+02 1.634828186035156250e+01
2.246529541015625000e+02 1.691942024230957031e+01
2.243955993652343750e+02 1.259692382812500000e+01
2.201516876220703125e+02 1.641073417663574219e+01
2.207470397949218750e+02 1.376580619812011719e+01
2.188437500000000000e+02 2.075233840942382812e+01
2.290219421386718750e+02 2.148184013366699219e+01
2.183832092285156250e+02 1.213927268981933594e+01
2.285515594482421875e+02 1.758469390869140625e+01
2.225577850341796875e+02 1.340878582000732422e+01
2.227068634033203125e+02 1.219833660125732422e+01
2.277548522949218750e+02 1.010103702545166016e+01
2.211442871093750000e+02 1.225256824493408203e+01
2.163682403564453125e+02 2.830412292480468750e+01
2.263778533935546875e+02 1.447326660156250000e+01
2.247413330078125000e+02 1.287931346893310547e+01
2.202386779785156250e+02 1.128918170928955078e+01
2.279263763427734375e+02 1.913945960998535156e+01
2.254994659423828125e+02 2.254210853576660156e+01
2.302139129638671875e+02 1.348844909667968750e+01
2.251708221435546875e+02 1.177458572387695312e+01
2.323674468994140625e+02 1.156242179870605469e+01
2.220952453613281250e+02 1.657110023498535156e+01
2.154070892333984375e+02 2.077312278747558594e+01
2.253325958251953125e+02 1.325939559936523438e+01
2.300920562744140625e+02 1.556574440002441406e+01
2.124663391113281250e+02 4.006123352050781250e+01
2.222448425292968750e+02 1.402071285247802734e+01
2.342686309814453125e+02 1.634945297241210938e+01
2.258677062988281250e+02 1.333376598358154297e+01
2.241096649169921875e+02 1.234588050842285156e+01
2.191790008544921875e+02 2.196067428588867188e+01
2.019833068847656250e+02 5.134791946411132812e+01
2.220960998535156250e+02 1.674470329284667969e+01
2.273340148925781250e+02 1.569170093536376953e+01
2.201913146972656250e+02 1.600419044494628906e+01
2.065899200439453125e+02 3.965996932983398438e+01
2.179220733642578125e+02 2.339104843139648438e+01
2.130102996826171875e+02 2.356619262695312500e+01
2.194687805175781250e+02 1.948523521423339844e+01
2.153076171875000000e+02 2.665320396423339844e+01
2.106306304931640625e+02 3.155319213867187500e+01
2.193428649902343750e+02 2.232452964782714844e+01
2.129192962646484375e+02 3.648011016845703125e+01
2.180650329589843750e+02 2.301323699951171875e+01
2.019448699951171875e+02 4.291442871093750000e+01
2.189723968505859375e+02 5.460345077514648438e+01
2.150926361083984375e+02 1.716719055175781250e+01
2.194845275878906250e+02 1.503442764282226562e+01
2.095365447998046875e+02 3.556128692626953125e+01
2.176353759765625000e+02 2.797996330261230469e+01
2.176871032714843750e+02 2.670625305175781250e+01
2.167506866455078125e+02 4.321963500976562500e+01
2.239698181152343750e+02 2.128936767578125000e+01
2.158806304931640625e+02 2.106424522399902344e+01
2.235133361816406250e+02 1.505691051483154297e+01
2.257888336181640625e+02 1.786056327819824219e+01
2.335051727294921875e+02 1.338701248168945312e+01
2.243803405761718750e+02 1.747686195373535156e+01
2.103566589355468750e+02 5.986748504638671875e+01
2.201212615966796875e+02 2.784226036071777344e+01
2.215223388671875000e+02 1.521577262878417969e+01
2.100341491699218750e+02 5.465004730224609375e+01
2.219467468261718750e+02 1.815239143371582031e+01
2.273601379394531250e+02 9.903479576110839844e+00
2.235014953613281250e+02 1.261253643035888672e+01
2.183377532958984375e+02 1.882460212707519531e+01
2.250955505371093750e+02 2.125630760192871094e+01
2.246173095703125000e+02 1.346204566955566406e+01
2.266488494873046875e+02 1.570674419403076172e+01
2.263667297363281250e+02 9.891605377197265625e+00
2.160233001708984375e+02 3.854029846191406250e+01
2.289610137939453125e+02 1.284855079650878906e+01
2.332350158691406250e+02 1.782642173767089844e+01
2.286136016845703125e+02 7.995272636413574219e+00
2.268539123535156250e+02 8.541566848754882812e+00
2.290368194580078125e+02 1.075540828704833984e+01
2.187216796875000000e+02 4.263883590698242188e+01
2.267901153564453125e+02 1.916973876953125000e+01
2.213960876464843750e+02 1.049040985107421875e+01
2.257094421386718750e+02 1.040090751647949219e+01
2.247592010498046875e+02 1.407982254028320312e+01
2.244011688232421875e+02 1.269116497039794922e+01
