2.323611068725585938e+01 1.164739608764648438e+01
3.565957260131835938e+01 1.784679985046386719e+01
4.496428680419921875e+01 2.358606147766113281e+01
5.664044952392578125e+01 2.602386474609375000e+01
5.960714340209960938e+01 2.552404212951660156e+01
7.359420013427734375e+01 3.631158065795898438e+01
8.338333129882812500e+01 3.444517135620117188e+01
9.661538696289062500e+01 3.996592712402343750e+01
1.260000000000000000e+02 4.926865005493164062e+01
1.328421020507812500e+02 4.068979263305664062e+01
1.505882415771484375e+02 3.247181320190429688e+01
1.817500000000000000e+02 2.701272773742675781e+01
1.674838714599609375e+02 3.735087966918945312e+01
1.688000030517578125e+02 4.027356719970703125e+01
1.684333343505859375e+02 3.193293380737304688e+01
1.830714263916015625e+02 3.179052925109863281e+01
1.900000000000000000e+02 2.353405761718750000e+01
1.976923065185546875e+02 7.882644653320312500e+00
1.960000000000000000e+02 1.386750507354736328e+01
1.966923065185546875e+02 1.285352230072021484e+01
1.975384674072265625e+02 1.230769157409667969e+01
2.000000000000000000e+02 0.000000000000000000e+00
2.000000000000000000e+02 0.000000000000000000e+00
2.000000000000000000e+02 0.000000000000000000e+00
1.989230804443359375e+02 5.384614944458007812e+00
2.000000000000000000e+02 0.000000000000000000e+00
2.000000000000000000e+02 0.000000000000000000e+00
1.952307739257812500e+02 2.384615325927734375e+01
1.977307739257812500e+02 1.095289802551269531e+01
1.941153869628906250e+02 2.140152359008789062e+01
1.950000000000000000e+02 1.769180679321289062e+01
2.000000000000000000e+02 0.000000000000000000e+00
2.000000000000000000e+02 0.000000000000000000e+00
2.000000000000000000e+02 0.000000000000000000e+00
2.000000000000000000e+02 0.000000000000000000e+00
1.967307739257812500e+02 1.634615325927734375e+01
1.979615325927734375e+02 1.019230747222900391e+01
2.000000000000000000e+02 0.000000000000000000e+00
2.000000000000000000e+02 0.000000000000000000e+00
1.982307739257812500e+02 8.846153259277343750e+00
1.983076934814453125e+02 6.608672618865966797e+00
1.879629669189453125e+02 3.326602172851562500e+01
1.846071472167968750e+02 3.608159637451171875e+01
1.672903289794921875e+02 4.956988525390625000e+01
1.527575683593750000e+02 5.675947570800781250e+01
1.526764678955078125e+02 5.831643676757812500e+01
1.772068939208984375e+02 3.236577224731445312e+01
1.750689697265625000e+02 4.580236816406250000e+01
1.991153869628906250e+02 3.866293430328369141e+00
1.996153869628906250e+02 1.923076868057250977e+00
1.976923065185546875e+02 6.389710903167724609e+00
1.845000000000000000e+02 1.070547199249267578e+01
1.579687500000000000e+02 2.653003501892089844e+01
1.377837829589843750e+02 2.892967605590820312e+01
1.220975646972656250e+02 3.847127914428710938e+01
1.219756088256835938e+02 2.855844306945800781e+01
1.208095245361328125e+02 2.999860191345214844e+01
1.253170700073242188e+02 2.550029945373535156e+01
1.309230804443359375e+02 1.903085899353027344e+01
1.417777709960937500e+02 2.132175445556640625e+01
1.595000000000000000e+02 9.324028015136718750e+00
1.798571472167968750e+02 8.818464279174804688e+00
1.993461608886718750e+02 2.881536722183227539e+00
2.000000000000000000e+02 0.000000000000000000e+00
2.000000000000000000e+02 0.000000000000000000e+00
2.000000000000000000e+02 0.000000000000000000e+00
2.000000000000000000e+02 0.000000000000000000e+00
2.000000000000000000e+02 0.000000000000000000e+00
2.000000000000000000e+02 0.000000000000000000e+00
2.000000000000000000e+02 0.000000000000000000e+00
2.000000000000000000e+02 0.000000000000000000e+00
2.000000000000000000e+02 0.000000000000000000e+00
2.000000000000000000e+02 0.000000000000000000e+00
2.000000000000000000e+02 0.000000000000000000e+00
2.000000000000000000e+02 0.000000000000000000e+00
2.000000000000000000e+02 0.000000000000000000e+00
2.000000000000000000e+02 0.000000000000000000e+00
2.000000000000000000e+02 0.000000000000000000e+00
2.000000000000000000e+02 0.000000000000000000e+00
2.000000000000000000e+02 0.000000000000000000e+00
2.000000000000000000e+02 0.000000000000000000e+00
2.000000000000000000e+02 0.000000000000000000e+00
2.000000000000000000e+02 0.000000000000000000e+00
2.000000000000000000e+02 0.000000000000000000e+00
2.000000000000000000e+02 0.000000000000000000e+00
2.000000000000000000e+02 0.000000000000000000e+00
2.000000000000000000e+02 0.000000000000000000e+00
2.000000000000000000e+02 0.000000000000000000e+00
2.000000000000000000e+02 0.000000000000000000e+00
2.000000000000000000e+02 0.000000000000000000e+00
2.000000000000000000e+02 0.000000000000000000e+00
2.000000000000000000e+02 0.000000000000000000e+00
2.000000000000000000e+02 0.000000000000000000e+00
2.000000000000000000e+02 0.000000000000000000e+00
2.000000000000000000e+02 0.000000000000000000e+00
2.000000000000000000e+02 0.000000000000000000e+00
2.000000000000000000e+02 0.000000000000000000e+00
2.000000000000000000e+02 0.000000000000000000e+00
2.000000000000000000e+02 0.000000000000000000e+00
2.000000000000000000e+02 0.000000000000000000e+00
