2.325581359863281250e+01 1.001880359649658203e+01
3.359999847412109375e+01 2.771954727172851562e+01
4.183333206176757812e+01 2.810792732238769531e+01
5.090000152587890625e+01 2.498779678344726562e+01
5.677777862548828125e+01 3.590350723266601562e+01
5.029999923706054688e+01 1.932381820678710938e+01
6.846666717529296875e+01 2.878162956237792969e+01
7.807691955566406250e+01 3.595822906494140625e+01
1.124444427490234375e+02 3.798862838745117188e+01
1.504285736083984375e+02 4.660734939575195312e+01
1.590000000000000000e+02 3.326946258544921875e+01
1.595714263916015625e+02 3.644117355346679688e+01
1.195555572509765625e+02 3.916095352172851562e+01
1.366250000000000000e+02 2.141224861145019531e+01
1.268750000000000000e+02 2.896738433837890625e+01
1.160000000000000000e+02 4.463680648803710938e+01
1.477142791748046875e+02 2.221784400939941406e+01
1.574285736083984375e+02 3.310095977783203125e+01
1.770000000000000000e+02 3.052867507934570312e+01
1.791666717529296875e+02 3.096458435058593750e+01
1.584285736083984375e+02 3.752658843994140625e+01
1.570000000000000000e+02 3.348773956298828125e+01
1.726666717529296875e+02 2.959542083740234375e+01
1.738333282470703125e+02 1.897732543945312500e+01
1.718333282470703125e+02 3.041061401367187500e+01
1.861666717529296875e+02 1.958244705200195312e+01
1.865000000000000000e+02 2.003122520446777344e+01
2.000000000000000000e+02 0.000000000000000000e+00
2.000000000000000000e+02 0.000000000000000000e+00
2.000000000000000000e+02 0.000000000000000000e+00
2.000000000000000000e+02 0.000000000000000000e+00
2.000000000000000000e+02 0.000000000000000000e+00
2.000000000000000000e+02 0.000000000000000000e+00
1.895000000000000000e+02 1.498610496520996094e+01
1.791666717529296875e+02 1.236145496368408203e+01
1.704285736083984375e+02 1.949986839294433594e+01
1.654285736083984375e+02 1.872246170043945312e+01
1.624285736083984375e+02 1.729456710815429688e+01
1.538571472167968750e+02 1.273273086547851562e+01
1.532857208251953125e+02 2.606428527832031250e+01
1.570000000000000000e+02 2.401785087585449219e+01
1.507142791748046875e+02 2.339544868469238281e+01
1.401250000000000000e+02 1.389637947082519531e+01
1.375000000000000000e+02 1.558043670654296875e+01
1.341250000000000000e+02 1.419892120361328125e+01
1.402500000000000000e+02 1.862625885009765625e+01
1.450000000000000000e+02 1.567527580261230469e+01
1.495714263916015625e+02 2.483003425598144531e+01
1.618571472167968750e+02 2.892072296142578125e+01
1.498571472167968750e+02 1.619019508361816406e+01
1.781666717529296875e+02 2.796674728393554688e+01
1.681666717529296875e+02 1.899488258361816406e+01
1.741666717529296875e+02 2.350472831726074219e+01
1.740000000000000000e+02 2.409010887145996094e+01
1.740000000000000000e+02 1.942506980895996094e+01
1.913333282470703125e+02 1.468181037902832031e+01
1.908333282470703125e+02 1.322140502929687500e+01
1.963333282470703125e+02 8.198916435241699219e+00
1.921666717529296875e+02 1.211633396148681641e+01
1.920000000000000000e+02 1.222020149230957031e+01
1.910000000000000000e+02 1.354006385803222656e+01
2.000000000000000000e+02 0.000000000000000000e+00
1.946666717529296875e+02 1.192569541931152344e+01
2.000000000000000000e+02 0.000000000000000000e+00
1.895000000000000000e+02 1.261942958831787109e+01
1.838333282470703125e+02 2.308258247375488281e+01
1.632857208251953125e+02 1.783827590942382812e+01
1.750000000000000000e+02 1.870828628540039062e+01
1.736666717529296875e+02 1.630609893798828125e+01
1.855000000000000000e+02 2.193741035461425781e+01
1.891666717529296875e+02 1.421755504608154297e+01
2.000000000000000000e+02 0.000000000000000000e+00
2.000000000000000000e+02 0.000000000000000000e+00
2.000000000000000000e+02 0.000000000000000000e+00
2.000000000000000000e+02 0.000000000000000000e+00
1.910000000000000000e+02 8.485280990600585938e+00
1.605714263916015625e+02 1.911511802673339844e+01
1.402500000000000000e+02 1.063896179199218750e+01
1.331250000000000000e+02 1.067049121856689453e+01
1.230000000000000000e+02 6.815015792846679688e+00
1.244444427490234375e+02 1.017743778228759766e+01
1.196666641235351562e+02 6.928203105926513672e+00
1.160000000000000000e+02 8.653836250305175781e+00
1.164444427490234375e+02 6.238075256347656250e+00
1.172222213745117188e+02 6.373168945312500000e+00
1.167777786254882812e+02 8.323698043823242188e+00
1.182222213745117188e+02 6.373169422149658203e+00
1.140000000000000000e+02 8.366600036621093750e+00
1.163333358764648438e+02 6.928203582763671875e+00
1.265000000000000000e+02 1.176860237121582031e+01
1.252500000000000000e+02 1.023169136047363281e+01
1.325000000000000000e+02 7.228415966033935547e+00
1.407500000000000000e+02 1.146461963653564453e+01
1.438571472167968750e+02 1.272150707244873047e+01
1.465714263916015625e+02 1.268133735656738281e+01
1.504285736083984375e+02 8.499700546264648438e+00
1.450000000000000000e+02 9.335034370422363281e+00
1.598571472167968750e+02 1.311954402923583984e+01
1.605714263916015625e+02 2.133981704711914062e+01
1.680000000000000000e+02 1.656301116943359375e+01
