2.325581359863281250e+01 1.001880359649658203e+01
4.015999984741210938e+01 1.876950645446777344e+01
3.803703689575195312e+01 1.763725280761718750e+01
4.704545593261718750e+01 1.855575561523437500e+01
4.429166793823242188e+01 2.141549110412597656e+01
5.045000076293945312e+01 2.398848724365234375e+01
6.150000000000000000e+01 3.130362129211425781e+01
6.088235473632812500e+01 1.785524177551269531e+01
5.521052551269531250e+01 1.926977157592773438e+01
6.164706039428710938e+01 1.463654327392578125e+01
7.157142639160156250e+01 2.496201324462890625e+01
7.328571319580078125e+01 2.596268844604492188e+01
6.693333435058593750e+01 1.823720169067382812e+01
7.364286041259765625e+01 2.142964172363281250e+01
6.906666564941406250e+01 2.262584495544433594e+01
9.127272796630859375e+01 2.497304344177246094e+01
1.106999969482421875e+02 3.218400192260742188e+01
9.500000000000000000e+01 3.217565536499023438e+01
8.015384674072265625e+01 3.967336654663085938e+01
7.281250000000000000e+01 4.136909866333007812e+01
7.446666717529296875e+01 4.232393646240234375e+01
8.061538696289062500e+01 2.180168724060058594e+01
1.146666641235351562e+02 4.339994812011718750e+01
1.065000000000000000e+02 3.624707031250000000e+01
9.075000000000000000e+01 2.452592086791992188e+01
9.445454406738281250e+01 4.803665924072265625e+01
7.471428680419921875e+01 3.914702987670898438e+01
6.986666870117187500e+01 3.615128707885742188e+01
5.935293960571289062e+01 1.387312793731689453e+01
6.147058868408203125e+01 1.837875366210937500e+01
5.766666793823242188e+01 1.327487182617187500e+01
5.755555725097656250e+01 1.422135353088378906e+01
7.450000000000000000e+01 2.132654380798339844e+01
6.418750000000000000e+01 1.383482360839843750e+01
6.229411697387695312e+01 1.549103927612304688e+01
7.278571319580078125e+01 2.112607955932617188e+01
8.100000000000000000e+01 2.059126091003417969e+01
1.057272720336914062e+02 3.503528213500976562e+01
1.255000000000000000e+02 3.924601745605468750e+01
1.461428527832031250e+02 3.527617263793945312e+01
1.434285736083984375e+02 1.827455139160156250e+01
1.580000000000000000e+02 3.509171676635742188e+01
1.765000000000000000e+02 3.279100418090820312e+01
1.353750000000000000e+02 3.848031234741210938e+01
1.542857208251953125e+02 3.785202407836914062e+01
1.357500000000000000e+02 2.734387588500976562e+01
1.338750000000000000e+02 3.989184570312500000e+01
1.495714263916015625e+02 3.268401718139648438e+01
1.346250000000000000e+02 3.454684448242187500e+01
1.465714263916015625e+02 3.907449722290039062e+01
1.811666717529296875e+02 2.295950508117675781e+01
1.480000000000000000e+02 1.647508811950683594e+01
1.841666717529296875e+02 2.270401382446289062e+01
1.833333282470703125e+02 2.469592857360839844e+01
1.953333282470703125e+02 1.043498420715332031e+01
1.682857208251953125e+02 2.371686935424804688e+01
1.743333282470703125e+02 2.401851081848144531e+01
1.960000000000000000e+02 8.944272041320800781e+00
1.813333282470703125e+02 2.645541191101074219e+01
1.871666717529296875e+02 2.737648963928222656e+01
2.000000000000000000e+02 0.000000000000000000e+00
2.000000000000000000e+02 0.000000000000000000e+00
2.000000000000000000e+02 0.000000000000000000e+00
1.960000000000000000e+02 8.944272041320800781e+00
1.748333282470703125e+02 3.578834533691406250e+01
1.880000000000000000e+02 2.683281517028808594e+01
1.798333282470703125e+02 4.509403610229492188e+01
1.820000000000000000e+02 4.024922180175781250e+01
2.000000000000000000e+02 0.000000000000000000e+00
1.865000000000000000e+02 1.914636611938476562e+01
1.963333282470703125e+02 8.198916435241699219e+00
1.698333282470703125e+02 4.459602737426757812e+01
1.652857208251953125e+02 4.208058166503906250e+01
2.000000000000000000e+02 0.000000000000000000e+00
1.276250000000000000e+02 7.358148193359375000e+01
1.000999984741210938e+02 4.551362609863281250e+01
1.683333282470703125e+02 3.216968917846679688e+01
1.141111145019531250e+02 7.038378143310546875e+01
8.425000000000000000e+01 6.935191345214843750e+01
1.008000030517578125e+02 7.006682586669921875e+01
7.769230651855468750e+01 5.414422988891601562e+01
8.383333587646484375e+01 5.430290603637695312e+01
8.507691955566406250e+01 6.042600250244140625e+01
1.099000015258789062e+02 7.417337799072265625e+01
1.445714263916015625e+02 6.743220520019531250e+01
1.423750000000000000e+02 6.960591888427734375e+01
1.685000000000000000e+02 4.455614471435546875e+01
1.788333282470703125e+02 4.733010482788085938e+01
1.995000000000000000e+02 1.118034005165100098e+00
1.971666717529296875e+02 4.487637042999267578e+00
2.000000000000000000e+02 0.000000000000000000e+00
2.000000000000000000e+02 0.000000000000000000e+00
2.000000000000000000e+02 0.000000000000000000e+00
1.936666717529296875e+02 9.122621536254882812e+00
2.000000000000000000e+02 0.000000000000000000e+00
1.995000000000000000e+02 1.118034005165100098e+00
2.000000000000000000e+02 0.000000000000000000e+00
2.000000000000000000e+02 0.000000000000000000e+00
2.000000000000000000e+02 0.000000000000000000e+00
2.000000000000000000e+02 0.000000000000000000e+00
