2.325581359863281250e+01 1.001880359649658203e+01
3.458620834350585938e+01 1.989197921752929688e+01
4.560869598388671875e+01 2.677561950683593750e+01
6.256250000000000000e+01 2.248324012756347656e+01
7.053333282470703125e+01 1.952047348022460938e+01
8.292308044433593750e+01 3.405981445312500000e+01
1.032727279663085938e+02 5.040578842163085938e+01
9.245454406738281250e+01 3.406774902343750000e+01
9.936363983154296875e+01 3.257794189453125000e+01
1.184444427490234375e+02 4.620272064208984375e+01
1.463750000000000000e+02 4.178796768188476562e+01
1.658571472167968750e+02 3.884558486938476562e+01
1.683333282470703125e+02 4.784233474731445312e+01
1.698571472167968750e+02 2.953172111511230469e+01
1.773333282470703125e+02 2.577897453308105469e+01
1.494285736083984375e+02 3.495244598388671875e+01
1.594285736083984375e+02 3.121289634704589844e+01
1.510000000000000000e+02 3.291981506347656250e+01
1.492857208251953125e+02 3.150833892822265625e+01
1.771666717529296875e+02 1.607707214355468750e+01
1.976666717529296875e+02 5.217492103576660156e+00
1.746666717529296875e+02 3.714685821533203125e+01
1.432857208251953125e+02 3.575197982788085938e+01
1.184444427490234375e+02 4.264872360229492188e+01
1.378750000000000000e+02 4.643930816650390625e+01
1.194444427490234375e+02 4.131212234497070312e+01
1.160000000000000000e+02 4.033195495605468750e+01
1.431428527832031250e+02 3.881615447998046875e+01
1.170000000000000000e+02 4.332820510864257812e+01
9.181818389892578125e+01 2.659739685058593750e+01
8.808333587646484375e+01 3.006509399414062500e+01
1.128888854980468750e+02 4.303343582153320312e+01
1.115555572509765625e+02 2.909795951843261719e+01
1.281250000000000000e+02 3.262068939208984375e+01
1.460000000000000000e+02 3.410906982421875000e+01
1.290000000000000000e+02 2.535744476318359375e+01
1.271250000000000000e+02 2.906216430664062500e+01
1.321250000000000000e+02 4.230081939697265625e+01
1.291111145019531250e+02 3.667104339599609375e+01
1.193333358764648438e+02 2.629744338989257812e+01
1.175555572509765625e+02 3.239036560058593750e+01
1.458750000000000000e+02 3.853062820434570312e+01
1.318888854980468750e+02 2.650133895874023438e+01
1.301250000000000000e+02 3.094122505187988281e+01
1.256250000000000000e+02 3.385977554321289062e+01
1.433750000000000000e+02 4.545585250854492188e+01
1.295000000000000000e+02 3.805588150024414062e+01
1.286250000000000000e+02 3.444901275634765625e+01
1.565714263916015625e+02 3.689698791503906250e+01
1.089000015258789062e+02 3.427375030517578125e+01
1.431428527832031250e+02 3.030053710937500000e+01
1.011999969482421875e+02 2.334866142272949219e+01
1.005000000000000000e+02 1.941777420043945312e+01
1.322500000000000000e+02 3.848944473266601562e+01
1.214444427490234375e+02 3.251020812988281250e+01
1.167777786254882812e+02 4.159801864624023438e+01
1.141111145019531250e+02 8.595146179199218750e+00
1.255000000000000000e+02 3.159905052185058594e+01
1.326250000000000000e+02 4.428300476074218750e+01
1.318750000000000000e+02 3.383946609497070312e+01
1.068000030517578125e+02 2.369725799560546875e+01
1.375000000000000000e+02 3.952530670166015625e+01
1.386250000000000000e+02 3.445264053344726562e+01
1.215555572509765625e+02 3.616662597656250000e+01
1.465000000000000000e+02 4.210700607299804688e+01
1.257500000000000000e+02 4.195458984375000000e+01
1.154444427490234375e+02 3.080804634094238281e+01
1.008000030517578125e+02 1.724412918090820312e+01
1.135555572509765625e+02 1.581216907501220703e+01
1.253750000000000000e+02 3.258042907714843750e+01
1.158888854980468750e+02 2.709835815429687500e+01
1.021999969482421875e+02 3.215524673461914062e+01
1.153000030517578125e+02 2.764073181152343750e+01
1.034000015258789062e+02 3.336524963378906250e+01
1.018000030517578125e+02 2.353210639953613281e+01
9.709091186523437500e+01 2.751348114013671875e+01
1.006999969482421875e+02 2.098118209838867188e+01
9.436363983154296875e+01 4.416554260253906250e+01
9.190908813476562500e+01 3.081456184387207031e+01
9.275000000000000000e+01 1.826711463928222656e+01
1.121999969482421875e+02 3.468659591674804688e+01
1.016999969482421875e+02 3.920471954345703125e+01
1.000000000000000000e+02 1.847356796264648438e+01
1.311250000000000000e+02 4.078430175781250000e+01
1.196666641235351562e+02 2.954469299316406250e+01
1.352500000000000000e+02 3.058901023864746094e+01
1.715000000000000000e+02 3.606360244750976562e+01
1.362500000000000000e+02 2.628569030761718750e+01
1.507142791748046875e+02 2.983150100708007812e+01
1.465714263916015625e+02 2.192752456665039062e+01
1.371250000000000000e+02 3.413003540039062500e+01
1.485714263916015625e+02 2.306423950195312500e+01
1.700000000000000000e+02 3.021352577209472656e+01
1.741666717529296875e+02 2.767921447753906250e+01
1.913333282470703125e+02 1.765093612670898438e+01
1.840000000000000000e+02 1.692138671875000000e+01
1.931666717529296875e+02 1.527979755401611328e+01
1.976666717529296875e+02 5.217492580413818359e+00
2.000000000000000000e+02 0.000000000000000000e+00
2.000000000000000000e+02 0.000000000000000000e+00
