2.323611068725585938e+01 1.164739608764648438e+01
3.139999961853027344e+01 1.637269020080566406e+01
4.136363601684570312e+01 2.130494880676269531e+01
4.600000000000000000e+01 2.611095237731933594e+01
4.871154022216796875e+01 2.583589935302734375e+01
5.543955993652343750e+01 2.211369705200195312e+01
6.640259552001953125e+01 2.916467285156250000e+01
7.000000000000000000e+01 2.851315498352050781e+01
7.532836151123046875e+01 3.391666030883789062e+01
9.831372833251953125e+01 3.966995620727539062e+01
1.021399993896484375e+02 3.953732681274414062e+01
1.166976776123046875e+02 4.381331253051757812e+01
1.356756744384765625e+02 4.027141189575195312e+01
1.608125000000000000e+02 3.392403030395507812e+01
1.497352905273437500e+02 3.522474670410156250e+01
1.475588226318359375e+02 3.877627563476562500e+01
1.500882415771484375e+02 3.187140274047851562e+01
1.620000000000000000e+02 3.473308181762695312e+01
1.791785736083984375e+02 2.580289840698242188e+01
1.728999938964843750e+02 2.948711585998535156e+01
1.752068939208984375e+02 2.764726066589355469e+01
1.794642791748046875e+02 2.471766662597656250e+01
1.505294189453125000e+02 3.264265823364257812e+01
1.580000000000000000e+02 2.534881591796875000e+01
1.819285736083984375e+02 2.655980873107910156e+01
1.923846130371093750e+02 1.818511009216308594e+01
2.000000000000000000e+02 0.000000000000000000e+00
2.000000000000000000e+02 0.000000000000000000e+00
2.000000000000000000e+02 0.000000000000000000e+00
1.976153869628906250e+02 1.192307662963867188e+01
1.934615325927734375e+02 1.816850852966308594e+01
2.000000000000000000e+02 0.000000000000000000e+00
2.000000000000000000e+02 0.000000000000000000e+00
2.000000000000000000e+02 0.000000000000000000e+00
1.975769195556640625e+02 1.211538505554199219e+01
2.000000000000000000e+02 0.000000000000000000e+00
2.000000000000000000e+02 0.000000000000000000e+00
2.000000000000000000e+02 0.000000000000000000e+00
2.000000000000000000e+02 0.000000000000000000e+00
2.000000000000000000e+02 0.000000000000000000e+00
2.000000000000000000e+02 0.000000000000000000e+00
2.000000000000000000e+02 0.000000000000000000e+00
2.000000000000000000e+02 0.000000000000000000e+00
2.000000000000000000e+02 0.000000000000000000e+00
2.000000000000000000e+02 0.000000000000000000e+00
1.952307739257812500e+02 2.384615325927734375e+01
1.980384674072265625e+02 8.859938621520996094e+00
1.926923065185546875e+02 1.850731468200683594e+01
1.946538391113281250e+02 2.673077011108398438e+01
2.000000000000000000e+02 0.000000000000000000e+00
1.963076934814453125e+02 1.212679481506347656e+01
1.910370330810546875e+02 1.719922828674316406e+01
1.797500000000000000e+02 3.949740219116210938e+01
1.801071472167968750e+02 4.257039642333984375e+01
1.651290283203125000e+02 5.331146240234375000e+01
1.782413787841796875e+02 4.357289123535156250e+01
1.614062500000000000e+02 6.264925003051757812e+01
1.659354858398437500e+02 6.135193634033203125e+01
1.571212158203125000e+02 6.460216522216796875e+01
1.617096710205078125e+02 5.711741638183593750e+01
1.949230804443359375e+02 2.256941986083984375e+01
1.817857208251953125e+02 4.244017791748046875e+01
1.914814758300781250e+02 3.013717842102050781e+01
2.000000000000000000e+02 0.000000000000000000e+00
2.000000000000000000e+02 0.000000000000000000e+00
2.000000000000000000e+02 0.000000000000000000e+00
2.000000000000000000e+02 0.000000000000000000e+00
2.000000000000000000e+02 0.000000000000000000e+00
2.000000000000000000e+02 0.000000000000000000e+00
2.000000000000000000e+02 0.000000000000000000e+00
2.000000000000000000e+02 0.000000000000000000e+00
2.000000000000000000e+02 0.000000000000000000e+00
2.000000000000000000e+02 0.000000000000000000e+00
2.000000000000000000e+02 0.000000000000000000e+00
2.000000000000000000e+02 0.000000000000000000e+00
2.000000000000000000e+02 0.000000000000000000e+00
2.000000000000000000e+02 0.000000000000000000e+00
2.000000000000000000e+02 0.000000000000000000e+00
2.000000000000000000e+02 0.000000000000000000e+00
2.000000000000000000e+02 0.000000000000000000e+00
2.000000000000000000e+02 0.000000000000000000e+00
2.000000000000000000e+02 0.000000000000000000e+00
2.000000000000000000e+02 0.000000000000000000e+00
2.000000000000000000e+02 0.000000000000000000e+00
2.000000000000000000e+02 0.000000000000000000e+00
1.998461608886718750e+02 7.692307233810424805e-01
1.995384674072265625e+02 1.307692408561706543e+00
1.973461608886718750e+02 4.269230842590332031e+00
1.943076934814453125e+02 6.976715087890625000e+00
1.837857208251953125e+02 1.205154800415039062e+01
1.774137878417968750e+02 1.179280185699462891e+01
1.696999969482421875e+02 1.907380294799804688e+01
1.540909118652343750e+02 2.041146850585937500e+01
1.356216278076171875e+02 1.466076183319091797e+01
1.356216278076171875e+02 2.423683929443359375e+01
1.668999938964843750e+02 3.848493194580078125e+01
1.805714263916015625e+02 3.394367980957031250e+01
1.829285736083984375e+02 3.667904281616210938e+01
1.856296234130859375e+02 3.311500549316406250e+01
1.827142791748046875e+02 3.716359710693359375e+01
