2.323611068725585938e+01 1.164739608764648438e+01
3.554225540161132812e+01 1.827243804931640625e+01
4.134710693359375000e+01 2.370539283752441406e+01
5.663736343383789062e+01 3.023734474182128906e+01
5.791954040527343750e+01 2.130037879943847656e+01
7.049295806884765625e+01 3.758478546142578125e+01
8.277049255371093750e+01 3.820368194580078125e+01
1.052500000000000000e+02 4.440931701660156250e+01
1.327105255126953125e+02 4.581823730468750000e+01
1.566250000000000000e+02 3.767521667480468750e+01
1.705666656494140625e+02 3.657657241821289062e+01
1.796428527832031250e+02 2.621915245056152344e+01
1.766551666259765625e+02 3.432328796386718750e+01
1.853571472167968750e+02 2.238017845153808594e+01
1.785517272949218750e+02 2.685155487060546875e+01
1.870000000000000000e+02 2.706234169006347656e+01
1.932307739257812500e+02 1.193671703338623047e+01
1.911851806640625000e+02 2.572797393798828125e+01
1.938076934814453125e+02 1.269772624969482422e+01
1.988846130371093750e+02 5.576922893524169922e+00
1.961538391113281250e+02 9.979565620422363281e+00
1.958461608886718750e+02 1.451972770690917969e+01
1.957692260742187500e+02 1.431596088409423828e+01
1.993461608886718750e+02 3.269231319427490234e+00
1.990769195556640625e+02 4.615384101867675781e+00
1.994615325927734375e+02 2.692307710647583008e+00
2.000000000000000000e+02 0.000000000000000000e+00
2.000000000000000000e+02 0.000000000000000000e+00
2.000000000000000000e+02 0.000000000000000000e+00
2.000000000000000000e+02 0.000000000000000000e+00
2.000000000000000000e+02 0.000000000000000000e+00
2.000000000000000000e+02 0.000000000000000000e+00
2.000000000000000000e+02 0.000000000000000000e+00
2.000000000000000000e+02 0.000000000000000000e+00
2.000000000000000000e+02 0.000000000000000000e+00
2.000000000000000000e+02 0.000000000000000000e+00
2.000000000000000000e+02 0.000000000000000000e+00
2.000000000000000000e+02 0.000000000000000000e+00
2.000000000000000000e+02 0.000000000000000000e+00
2.000000000000000000e+02 0.000000000000000000e+00
2.000000000000000000e+02 0.000000000000000000e+00
1.967692260742187500e+02 1.615384674072265625e+01
2.000000000000000000e+02 0.000000000000000000e+00
2.000000000000000000e+02 0.000000000000000000e+00
2.000000000000000000e+02 0.000000000000000000e+00
2.000000000000000000e+02 0.000000000000000000e+00
2.000000000000000000e+02 0.000000000000000000e+00
1.996153869628906250e+02 1.923076868057250977e+00
1.999615325927734375e+02 1.923076957464218140e-01
1.997307739257812500e+02 1.346153855323791504e+00
2.000000000000000000e+02 0.000000000000000000e+00
1.947692260742187500e+02 1.911968040466308594e+01
1.979615325927734375e+02 1.019230747222900391e+01
1.845357208251953125e+02 2.434936523437500000e+01
2.000000000000000000e+02 0.000000000000000000e+00
2.000000000000000000e+02 0.000000000000000000e+00
2.000000000000000000e+02 0.000000000000000000e+00
2.000000000000000000e+02 0.000000000000000000e+00
2.000000000000000000e+02 0.000000000000000000e+00
2.000000000000000000e+02 0.000000000000000000e+00
2.000000000000000000e+02 0.000000000000000000e+00
2.000000000000000000e+02 0.000000000000000000e+00
2.000000000000000000e+02 0.000000000000000000e+00
2.000000000000000000e+02 0.000000000000000000e+00
2.000000000000000000e+02 0.000000000000000000e+00
2.000000000000000000e+02 0.000000000000000000e+00
2.000000000000000000e+02 0.000000000000000000e+00
2.000000000000000000e+02 0.000000000000000000e+00
2.000000000000000000e+02 0.000000000000000000e+00
2.000000000000000000e+02 0.000000000000000000e+00
2.000000000000000000e+02 0.000000000000000000e+00
2.000000000000000000e+02 0.000000000000000000e+00
1.998846130371093750e+02 5.769230723381042480e-01
2.000000000000000000e+02 0.000000000000000000e+00
1.998461608886718750e+02 7.692307233810424805e-01
2.000000000000000000e+02 0.000000000000000000e+00
1.976153869628906250e+02 8.426500320434570312e+00
1.966923065185546875e+02 1.209821796417236328e+01
2.000000000000000000e+02 0.000000000000000000e+00
2.000000000000000000e+02 0.000000000000000000e+00
2.000000000000000000e+02 0.000000000000000000e+00
2.000000000000000000e+02 0.000000000000000000e+00
1.984230804443359375e+02 7.884615898132324219e+00
1.968461608886718750e+02 8.305199623107910156e+00
1.991153869628906250e+02 3.672422170639038086e+00
1.934230804443359375e+02 1.095856857299804688e+01
1.946153869628906250e+02 1.499250316619873047e+01
1.966923065185546875e+02 6.335305213928222656e+00
1.916666717529296875e+02 1.971463203430175781e+01
1.908148193359375000e+02 1.904582405090332031e+01
2.000000000000000000e+02 0.000000000000000000e+00
1.943461608886718750e+02 1.737801933288574219e+01
1.979615325927734375e+02 7.073682308197021484e+00
1.995000000000000000e+02 2.500000000000000000e+00
2.000000000000000000e+02 0.000000000000000000e+00
2.000000000000000000e+02 0.000000000000000000e+00
2.000000000000000000e+02 0.000000000000000000e+00
2.000000000000000000e+02 0.000000000000000000e+00
2.000000000000000000e+02 0.000000000000000000e+00
2.000000000000000000e+02 0.000000000000000000e+00
